1648 1670 1766 1792 1936 1998 1985 1984 1944 1955 1942 1932 1988 1985 2104 2182 2144 2108 2003 1993 1955 1940 1972 1945 1995 2144 2096 2076 1968 1955 1897 1882 1936 1920 1892 2023 2028 2048 1957 1940 1884 1880 1923 1870 1893 1987 1972 1956 1883 1850 1808 1821 1904 1877 1924 1939 2030 2055 1934 1923 1874 1864 1875 1860 1853 1820 1963 2003 1935 1920 1868 1840 1872 1829 1860 1792 1965 2016 1901 1896 1840 1836 1856 1845 1596 1863 2076 2168 2076 1990 1874 1792 1801 1761 1808 1804 1829 2008 1921 1895
2182 2144 2108 2003 1993 1955 1940 1972 1945 1995 2144 2096 2076 1968 1955 1897 1882 1936 1920 1892 2023 2028 2048 1957 1940 1884 1880 1923 1870 1893 1987 1972 1956 1883 1850 1808 1821 1904 1877 1924 1939 2030 2055 1934 1923 1874 1864 1875 1860 1853 1820 1963 2003 1935 1920 1868 1840 1872 1829 1860 1792 1965 2016 1901 1896 1840 1836 1856 1845 1596 1863 2076 2168 2076 1990 1874 1792 1801 1761 1808 1804 1829 2008 1921 1895 1798 1808 1850 1822 1831 1793 1816 1971 1904 1885 1805 1761 1792 1749 1792
1897 1882 1936 1920 1892 2023 2028 2048 1957 1940 1884 1880 1923 1870 1893 1987 1972 1956 1883 1850 1808 1821 1904 1877 1924 1939 2030 2055 1934 1923 1874 1864 1875 1860 1853 1820 1963 2003 1935 1920 1868 1840 1872 1829 1860 1792 1965 2016 1901 1896 1840 1836 1856 1845 1596 1863 2076 2168 2076 1990 1874 1792 1801 1761 1808 1804 1829 2008 1921 1895 1798 1808 1850 1822 1831 1793 1816 1971 1904 1885 1805 1761 1792 1749 1792 1795 1703 1969 1944 1888 1840 1773 1823 1792 1832 1820 1776 1976 1987 1979
1987 1972 1956 1883 1850 1808 1821 1904 1877 1924 1939 2030 2055 1934 1923 1874 1864 1875 1860 1853 1820 1963 2003 1935 1920 1868 1840 1872 1829 1860 1792 1965 2016 1901 1896 1840 1836 1856 1845 1596 1863 2076 2168 2076 1990 1874 1792 1801 1761 1808 1804 1829 2008 1921 1895 1798 1808 1850 1822 1831 1793 1816 1971 1904 1885 1805 1761 1792 1749 1792 1795 1703 1969 1944 1888 1840 1773 1823 1792 1832 1820 1776 1976 1987 1979 1898 1854 1867 1827 1848 1832 1793 1936 1976 1972 1868 1793 1808 1754 1832
1874 1864 1875 1860 1853 1820 1963 2003 1935 1920 1868 1840 1872 1829 1860 1792 1965 2016 1901 1896 1840 1836 1856 1845 1596 1863 2076 2168 2076 1990 1874 1792 1801 1761 1808 1804 1829 2008 1921 1895 1798 1808 1850 1822 1831 1793 1816 1971 1904 1885 1805 1761 1792 1749 1792 1795 1703 1969 1944 1888 1840 1773 1823 1792 1832 1820 1776 1976 1987 1979 1898 1854 1867 1827 1848 1832 1793 1936 1976 1972 1868 1793 1808 1754 1832 1820 1820 1905 1969 1971 1936 1792 1854 1806 1811 1822 1813 1824 1880 2444
1792 1965 2016 1901 1896 1840 1836 1856 1845 1596 1863 2076 2168 2076 1990 1874 1792 1801 1761 1808 1804 1829 2008 1921 1895 1798 1808 1850 1822 1831 1793 1816 1971 1904 1885 1805 1761 1792 1749 1792 1795 1703 1969 1944 1888 1840 1773 1823 1792 1832 1820 1776 1976 1987 1979 1898 1854 1867 1827 1848 1832 1793 1936 1976 1972 1868 1793 1808 1754 1832 1820 1820 1905 1969 1971 1936 1792 1854 1806 1811 1822 1813 1824 1880 2444 2496 2104 1817 1595 1472 1449 1432 1506 1639 1752 1756 1733 1792 1752 1736
1874 1792 1801 1761 1808 1804 1829 2008 1921 1895 1798 1808 1850 1822 1831 1793 1816 1971 1904 1885 1805 1761 1792 1749 1792 1795 1703 1969 1944 1888 1840 1773 1823 1792 1832 1820 1776 1976 1987 1979 1898 1854 1867 1827 1848 1832 1793 1936 1976 1972 1868 1793 1808 1754 1832 1820 1820 1905 1969 1971 1936 1792 1854 1806 1811 1822 1813 1824 1880 2444 2496 2104 1817 1595 1472 1449 1432 1506 1639 1752 1756 1733 1792 1752 1736 2272 2400 2456 2104 2160 2079 2179 1944 1464 896 960 1031 1164 1180 1472
1793 1816 1971 1904 1885 1805 1761 1792 1749 1792 1795 1703 1969 1944 1888 1840 1773 1823 1792 1832 1820 1776 1976 1987 1979 1898 1854 1867 1827 1848 1832 1793 1936 1976 1972 1868 1793 1808 1754 1832 1820 1820 1905 1969 1971 1936 1792 1854 1806 1811 1822 1813 1824 1880 2444 2496 2104 1817 1595 1472 1449 1432 1506 1639 1752 1756 1733 1792 1752 1736 2272 2400 2456 2104 2160 2079 2179 1944 1464 896 960 1031 1164 1180 1472 1575 1608 1728 1728 1801 1848 1858 1956 1904 2144 2161 2055 2113 2028 2055
1840 1773 1823 1792 1832 1820 1776 1976 1987 1979 1898 1854 1867 1827 1848 1832 1793 1936 1976 1972 1868 1793 1808 1754 1832 1820 1820 1905 1969 1971 1936 1792 1854 1806 1811 1822 1813 1824 1880 2444 2496 2104 1817 1595 1472 1449 1432 1506 1639 1752 1756 1733 1792 1752 1736 2272 2400 2456 2104 2160 2079 2179 1944 1464 896 960 1031 1164 1180 1472 1575 1608 1728 1728 1801 1848 1858 1956 1904 2144 2161 2055 2113 2028 2055 1968 2008 2112 2028 2200 2200 2104 2062 1968 1952 1920 1876 1963 1958 2076
1832 1793 1936 1976 1972 1868 1793 1808 1754 1832 1820 1820 1905 1969 1971 1936 1792 1854 1806 1811 1822 1813 1824 1880 2444 2496 2104 1817 1595 1472 1449 1432 1506 1639 1752 1756 1733 1792 1752 1736 2272 2400 2456 2104 2160 2079 2179 1944 1464 896 960 1031 1164 1180 1472 1575 1608 1728 1728 1801 1848 1858 1956 1904 2144 2161 2055 2113 2028 2055 1968 2008 2112 2028 2200 2200 2104 2062 1968 1952 1920 1876 1963 1958 2076 2144 2048 2063 1948 1952 1928 1904 1929 1895 1984 2096 1960 1958 1870 1873
1936 1792 1854 1806 1811 1822 1813 1824 1880 2444 2496 2104 1817 1595 1472 1449 1432 1506 1639 1752 1756 1733 1792 1752 1736 2272 2400 2456 2104 2160 2079 2179 1944 1464 896 960 1031 1164 1180 1472 1575 1608 1728 1728 1801 1848 1858 1956 1904 2144 2161 2055 2113 2028 2055 1968 2008 2112 2028 2200 2200 2104 2062 1968 1952 1920 1876 1963 1958 2076 2144 2048 2063 1948 1952 1928 1904 1929 1895 1984 2096 1960 1958 1870 1873 1844 1811 1856 1852 1865 2032 1959 2000 2272 2144 1920 1706 1632 1584 1504
1449 1432 1506 1639 1752 1756 1733 1792 1752 1736 2272 2400 2456 2104 2160 2079 2179 1944 1464 896 960 1031 1164 1180 1472 1575 1608 1728 1728 1801 1848 1858 1956 1904 2144 2161 2055 2113 2028 2055 1968 2008 2112 2028 2200 2200 2104 2062 1968 1952 1920 1876 1963 1958 2076 2144 2048 2063 1948 1952 1928 1904 1929 1895 1984 2096 1960 1958 1870 1873 1844 1811 1856 1852 1865 2032 1959 2000 2272 2144 1920 1706 1632 1584 1504 1832 1852 1968 1888 1798 1679 1615 1648 1632 1703 1836 1923 1935 1890 1888
2079 2179 1944 1464 896 960 1031 1164 1180 1472 1575 1608 1728 1728 1801 1848 1858 1956 1904 2144 2161 2055 2113 2028 2055 1968 2008 2112 2028 2200 2200 2104 2062 1968 1952 1920 1876 1963 1958 2076 2144 2048 2063 1948 1952 1928 1904 1929 1895 1984 2096 1960 1958 1870 1873 1844 1811 1856 1852 1865 2032 1959 2000 2272 2144 1920 1706 1632 1584 1504 1832 1852 1968 1888 1798 1679 1615 1648 1632 1703 1836 1923 1935 1890 1888 1876 1875 1920 1852 1926 1979 2046 2046 1948 1957 1908 1865 1920 1872 1876
1848 1858 1956 1904 2144 2161 2055 2113 2028 2055 1968 2008 2112 2028 2200 2200 2104 2062 1968 1952 1920 1876 1963 1958 2076 2144 2048 2063 1948 1952 1928 1904 1929 1895 1984 2096 1960 1958 1870 1873 1844 1811 1856 1852 1865 2032 1959 2000 2272 2144 1920 1706 1632 1584 1504 1832 1852 1968 1888 1798 1679 1615 1648 1632 1703 1836 1923 1935 1890 1888 1876 1875 1920 1852 1926 1979 2046 2046 1948 1957 1908 1865 1920 1872 1876 2259 2515 2246 2041 1539 1561 1536 1548 1536 1567 1536 1704 1822 1792 1804
2200 2104 2062 1968 1952 1920 1876 1963 1958 2076 2144 2048 2063 1948 1952 1928 1904 1929 1895 1984 2096 1960 1958 1870 1873 1844 1811 1856 1852 1865 2032 1959 2000 2272 2144 1920 1706 1632 1584 1504 1832 1852 1968 1888 1798 1679 1615 1648 1632 1703 1836 1923 1935 1890 1888 1876 1875 1920 1852 1926 1979 2046 2046 1948 1957 1908 1865 1920 1872 1876 2259 2515 2246 2041 1539 1561 1536 1548 1536 1567 1536 1704 1822 1792 1804 1798 1771 1854 1825 1884 1902 1992 2104 2022 2004 1969 1896 1929 1844 1852
1928 1904 1929 1895 1984 2096 1960 1958 1870 1873 1844 1811 1856 1852 1865 2032 1959 2000 2272 2144 1920 1706 1632 1584 1504 1832 1852 1968 1888 1798 1679 1615 1648 1632 1703 1836 1923 1935 1890 1888 1876 1875 1920 1852 1926 1979 2046 2046 1948 1957 1908 1865 1920 1872 1876 2259 2515 2246 2041 1539 1561 1536 1548 1536 1567 1536 1704 1822 1792 1804 1798 1771 1854 1825 1884 1902 1992 2104 2022 2004 1969 1896 1929 1844 1852 2328 2608 2456 2033 1668 1492 1357 1356 1649 1908 1920 1792 1792 1596 1475
2032 1959 2000 2272 2144 1920 1706 1632 1584 1504 1832 1852 1968 1888 1798 1679 1615 1648 1632 1703 1836 1923 1935 1890 1888 1876 1875 1920 1852 1926 1979 2046 2046 1948 1957 1908 1865 1920 1872 1876 2259 2515 2246 2041 1539 1561 1536 1548 1536 1567 1536 1704 1822 1792 1804 1798 1771 1854 1825 1884 1902 1992 2104 2022 2004 1969 1896 1929 1844 1852 2328 2608 2456 2033 1668 1492 1357 1356 1649 1908 1920 1792 1792 1596 1475 1478 1408 1555 1568 1688 1736 1764 1950 2032 2076 1976 1920 1984 1932 1945
1679 1615 1648 1632 1703 1836 1923 1935 1890 1888 1876 1875 1920 1852 1926 1979 2046 2046 1948 1957 1908 1865 1920 1872 1876 2259 2515 2246 2041 1539 1561 1536 1548 1536 1567 1536 1704 1822 1792 1804 1798 1771 1854 1825 1884 1902 1992 2104 2022 2004 1969 1896 1929 1844 1852 2328 2608 2456 2033 1668 1492 1357 1356 1649 1908 1920 1792 1792 1596 1475 1478 1408 1555 1568 1688 1736 1764 1950 2032 2076 1976 1920 1984 1932 1945 1964 1948 2144 2111 2096 2040 1897 2464 2480 2200 1830 1801 2048 2001 1792
1979 2046 2046 1948 1957 1908 1865 1920 1872 1876 2259 2515 2246 2041 1539 1561 1536 1548 1536 1567 1536 1704 1822 1792 1804 1798 1771 1854 1825 1884 1902 1992 2104 2022 2004 1969 1896 1929 1844 1852 2328 2608 2456 2033 1668 1492 1357 1356 1649 1908 1920 1792 1792 1596 1475 1478 1408 1555 1568 1688 1736 1764 1950 2032 2076 1976 1920 1984 1932 1945 1964 1948 2144 2111 2096 2040 1897 2464 2480 2200 1830 1801 2048 2001 1792 1539 1320 1360 1322 1420 1505 1584 1657 1932 2028 1980 1860 1891 1760 2005
1561 1536 1548 1536 1567 1536 1704 1822 1792 1804 1798 1771 1854 1825 1884 1902 1992 2104 2022 2004 1969 1896 1929 1844 1852 2328 2608 2456 2033 1668 1492 1357 1356 1649 1908 1920 1792 1792 1596 1475 1478 1408 1555 1568 1688 1736 1764 1950 2032 2076 1976 1920 1984 1932 1945 1964 1948 2144 2111 2096 2040 1897 2464 2480 2200 1830 1801 2048 2001 1792 1539 1320 1360 1322 1420 1505 1584 1657 1932 2028 1980 1860 1891 1760 2005 1968 2076 2019 2062 2038 1950 1875 1927 1939 2104 2036 2040 1984 1883 1948
1902 1992 2104 2022 2004 1969 1896 1929 1844 1852 2328 2608 2456 2033 1668 1492 1357 1356 1649 1908 1920 1792 1792 1596 1475 1478 1408 1555 1568 1688 1736 1764 1950 2032 2076 1976 1920 1984 1932 1945 1964 1948 2144 2111 2096 2040 1897 2464 2480 2200 1830 1801 2048 2001 1792 1539 1320 1360 1322 1420 1505 1584 1657 1932 2028 1980 1860 1891 1760 2005 1968 2076 2019 2062 2038 1950 1875 1927 1939 2104 2036 2040 1984 1883 1948 2035 1920 1846 1664 1668 1632 1660 1728 1776 2016 2382 2328 2144 1900 1743
1492 1357 1356 1649 1908 1920 1792 1792 1596 1475 1478 1408 1555 1568 1688 1736 1764 1950 2032 2076 1976 1920 1984 1932 1945 1964 1948 2144 2111 2096 2040 1897 2464 2480 2200 1830 1801 2048 2001 1792 1539 1320 1360 1322 1420 1505 1584 1657 1932 2028 1980 1860 1891 1760 2005 1968 2076 2019 2062 2038 1950 1875 1927 1939 2104 2036 2040 1984 1883 1948 2035 1920 1846 1664 1668 1632 1660 1728 1776 2016 2382 2328 2144 1900 1743 1622 1576 1652 1655 1865 1891 1868 1856 1920 1984 1996 1948 1972 1849 2108
1736 1764 1950 2032 2076 1976 1920 1984 1932 1945 1964 1948 2144 2111 2096 2040 1897 2464 2480 2200 1830 1801 2048 2001 1792 1539 1320 1360 1322 1420 1505 1584 1657 1932 2028 1980 1860 1891 1760 2005 1968 2076 2019 2062 2038 1950 1875 1927 1939 2104 2036 2040 1984 1883 1948 2035 1920 1846 1664 1668 1632 1660 1728 1776 2016 2382 2328 2144 1900 1743 1622 1576 1652 1655 1865 1891 1868 1856 1920 1984 1996 1948 1972 1849 2108 2104 1973 1952 1878 1857 1894 1860 1936 1891 2108 2144 2049 2036 1987 1968
2040 1897 2464 2480 2200 1830 1801 2048 2001 1792 1539 1320 1360 1322 1420 1505 1584 1657 1932 2028 1980 1860 1891 1760 2005 1968 2076 2019 2062 2038 1950 1875 1927 1939 2104 2036 2040 1984 1883 1948 2035 1920 1846 1664 1668 1632 1660 1728 1776 2016 2382 2328 2144 1900 1743 1622 1576 1652 1655 1865 1891 1868 1856 1920 1984 1996 1948 1972 1849 2108 2104 1973 1952 1878 1857 1894 1860 1936 1891 2108 2144 2049 2036 1987 1968 1953 1932 1952 1920 2021 2096 1996 2002 1920 1904 1888 1862 1920 1884 1960
1505 1584 1657 1932 2028 1980 1860 1891 1760 2005 1968 2076 2019 2062 2038 1950 1875 1927 1939 2104 2036 2040 1984 1883 1948 2035 1920 1846 1664 1668 1632 1660 1728 1776 2016 2382 2328 2144 1900 1743 1622 1576 1652 1655 1865 1891 1868 1856 1920 1984 1996 1948 1972 1849 2108 2104 1973 1952 1878 1857 1894 1860 1936 1891 2108 2144 2049 2036 1987 1968 1953 1932 1952 1920 2021 2096 1996 2002 1920 1904 1888 1862 1920 1884 1960 2076 2032 2006 1924 1920 1888 1800 1892 1870 1888 2063 2028 1972 1910 1904
1950 1875 1927 1939 2104 2036 2040 1984 1883 1948 2035 1920 1846 1664 1668 1632 1660 1728 1776 2016 2382 2328 2144 1900 1743 1622 1576 1652 1655 1865 1891 1868 1856 1920 1984 1996 1948 1972 1849 2108 2104 1973 1952 1878 1857 1894 1860 1936 1891 2108 2144 2049 2036 1987 1968 1953 1932 1952 1920 2021 2096 1996 2002 1920 1904 1888 1862 1920 1884 1960 2076 2032 2006 1924 1920 1888 1800 1892 1870 1888 2063 2028 1972 1910 1904 1884 1828 1883 1852 1844 2028 2034 2040 1920 1920 1864 1851 1907 1872 1920
1632 1660 1728 1776 2016 2382 2328 2144 1900 1743 1622 1576 1652 1655 1865 1891 1868 1856 1920 1984 1996 1948 1972 1849 2108 2104 1973 1952 1878 1857 1894 1860 1936 1891 2108 2144 2049 2036 1987 1968 1953 1932 1952 1920 2021 2096 1996 2002 1920 1904 1888 1862 1920 1884 1960 2076 2032 2006 1924 1920 1888 1800 1892 1870 1888 2063 2028 1972 1910 1904 1884 1828 1883 1852 1844 2028 2034 2040 1920 1920 1864 1851 1907 1872 1920 2008 2032 2022 1896 1904 1840 1825 1864 1824 1632 1908 2104 2160 2063 1984
1891 1868 1856 1920 1984 1996 1948 1972 1849 2108 2104 1973 1952 1878 1857 1894 1860 1936 1891 2108 2144 2049 2036 1987 1968 1953 1932 1952 1920 2021 2096 1996 2002 1920 1904 1888 1862 1920 1884 1960 2076 2032 2006 1924 1920 1888 1800 1892 1870 1888 2063 2028 1972 1910 1904 1884 1828 1883 1852 1844 2028 2034 2040 1920 1920 1864 1851 1907 1872 1920 2008 2032 2022 1896 1904 1840 1825 1864 1824 1632 1908 2104 2160 2063 1984 1827 1863 1888 1832 1840 1823 1939 1896 1868 1816 1792 1720 1768 1742 1792
1894 1860 1936 1891 2108 2144 2049 2036 1987 1968 1953 1932 1952 1920 2021 2096 1996 2002 1920 1904 1888 1862 1920 1884 1960 2076 2032 2006 1924 1920 1888 1800 1892 1870 1888 2063 2028 1972 1910 1904 1884 1828 1883 1852 1844 2028 2034 2040 1920 1920 1864 1851 1907 1872 1920 2008 2032 2022 1896 1904 1840 1825 1864 1824 1632 1908 2104 2160 2063 1984 1827 1863 1888 1832 1840 1823 1939 1896 1868 1816 1792 1720 1768 1742 1792 1721 1900 1984 1859 1868 1822 1792 1804 1792 1800 1828 1846 1974 1888 1877
2096 1996 2002 1920 1904 1888 1862 1920 1884 1960 2076 2032 2006 1924 1920 1888 1800 1892 1870 1888 2063 2028 1972 1910 1904 1884 1828 1883 1852 1844 2028 2034 2040 1920 1920 1864 1851 1907 1872 1920 2008 2032 2022 1896 1904 1840 1825 1864 1824 1632 1908 2104 2160 2063 1984 1827 1863 1888 1832 1840 1823 1939 1896 1868 1816 1792 1720 1768 1742 1792 1721 1900 1984 1859 1868 1822 1792 1804 1792 1800 1828 1846 1974 1888 1877 1855 1766 1824 1792 1823 1831 1863 1977 1921 1894 1860 1804 1868 1824 1876
1888 1800 1892 1870 1888 2063 2028 1972 1910 1904 1884 1828 1883 1852 1844 2028 2034 2040 1920 1920 1864 1851 1907 1872 1920 2008 2032 2022 1896 1904 1840 1825 1864 1824 1632 1908 2104 2160 2063 1984 1827 1863 1888 1832 1840 1823 1939 1896 1868 1816 1792 1720 1768 1742 1792 1721 1900 1984 1859 1868 1822 1792 1804 1792 1800 1828 1846 1974 1888 1877 1855 1766 1824 1792 1823 1831 1863 1977 1921 1894 1860 1804 1868 1824 1876 1880 1848 2043 1980 1942 1894 1809 1852 1816 1840 1875 1757 2032 2003 1968
2028 2034 2040 1920 1920 1864 1851 1907 1872 1920 2008 2032 2022 1896 1904 1840 1825 1864 1824 1632 1908 2104 2160 2063 1984 1827 1863 1888 1832 1840 1823 1939 1896 1868 1816 1792 1720 1768 1742 1792 1721 1900 1984 1859 1868 1822 1792 1804 1792 1800 1828 1846 1974 1888 1877 1855 1766 1824 1792 1823 1831 1863 1977 1921 1894 1860 1804 1868 1824 1876 1880 1848 2043 1980 1942 1894 1809 1852 1816 1840 1875 1757 2032 2003 1968 1921 1851 1856 1818 1849 1856 1820 1974 1971 1897 1932 2352 2318 1965 1740
1840 1825 1864 1824 1632 1908 2104 2160 2063 1984 1827 1863 1888 1832 1840 1823 1939 1896 1868 1816 1792 1720 1768 1742 1792 1721 1900 1984 1859 1868 1822 1792 1804 1792 1800 1828 1846 1974 1888 1877 1855 1766 1824 1792 1823 1831 1863 1977 1921 1894 1860 1804 1868 1824 1876 1880 1848 2043 1980 1942 1894 1809 1852 1816 1840 1875 1757 2032 2003 1968 1921 1851 1856 1818 1849 1856 1820 1974 1971 1897 1932 2352 2318 1965 1740 1536 1420 1460 1536 1575 1592 1536 1942 1944 2112 1904 1968 2078 1920 1652
1823 1939 1896 1868 1816 1792 1720 1768 1742 1792 1721 1900 1984 1859 1868 1822 1792 1804 1792 1800 1828 1846 1974 1888 1877 1855 1766 1824 1792 1823 1831 1863 1977 1921 1894 1860 1804 1868 1824 1876 1880 1848 2043 1980 1942 1894 1809 1852 1816 1840 1875 1757 2032 2003 1968 1921 1851 1856 1818 1849 1856 1820 1974 1971 1897 1932 2352 2318 1965 1740 1536 1420 1460 1536 1575 1592 1536 1942 1944 2112 1904 1968 2078 1920 1652 1393 1228 1225 1222 1092 1414 1584 1792 1888 2016 2012 1949 1948 1899 1984
1822 1792 1804 1792 1800 1828 1846 1974 1888 1877 1855 1766 1824 1792 1823 1831 1863 1977 1921 1894 1860 1804 1868 1824 1876 1880 1848 2043 1980 1942 1894 1809 1852 1816 1840 1875 1757 2032 2003 1968 1921 1851 1856 1818 1849 1856 1820 1974 1971 1897 1932 2352 2318 1965 1740 1536 1420 1460 1536 1575 1592 1536 1942 1944 2112 1904 1968 2078 1920 1652 1393 1228 1225 1222 1092 1414 1584 1792 1888 2016 2012 1949 1948 1899 1984 2010 1960 2000 2055 2110 2063 1960 1969 1920 1948 1934 1928 1963 2003 2108
1831 1863 1977 1921 1894 1860 1804 1868 1824 1876 1880 1848 2043 1980 1942 1894 1809 1852 1816 1840 1875 1757 2032 2003 1968 1921 1851 1856 1818 1849 1856 1820 1974 1971 1897 1932 2352 2318 1965 1740 1536 1420 1460 1536 1575 1592 1536 1942 1944 2112 1904 1968 2078 1920 1652 1393 1228 1225 1222 1092 1414 1584 1792 1888 2016 2012 1949 1948 1899 1984 2010 1960 2000 2055 2110 2063 1960 1969 1920 1948 1934 1928 1963 2003 2108 2096 1988 1988 1936 1968 1966 1928 1991 1984 2144 2104 1996 2010 1953 1950
1894 1809 1852 1816 1840 1875 1757 2032 2003 1968 1921 1851 1856 1818 1849 1856 1820 1974 1971 1897 1932 2352 2318 1965 1740 1536 1420 1460 1536 1575 1592 1536 1942 1944 2112 1904 1968 2078 1920 1652 1393 1228 1225 1222 1092 1414 1584 1792 1888 2016 2012 1949 1948 1899 1984 2010 1960 2000 2055 2110 2063 1960 1969 1920 1948 1934 1928 1963 2003 2108 2096 1988 1988 1936 1968 1966 1928 1991 1984 2144 2104 1996 2010 1953 1950 1935 1894 1937 1828 2048 2063 1968 1944 1905 1904 1926 1881 1935 1884 2078
1856 1820 1974 1971 1897 1932 2352 2318 1965 1740 1536 1420 1460 1536 1575 1592 1536 1942 1944 2112 1904 1968 2078 1920 1652 1393 1228 1225 1222 1092 1414 1584 1792 1888 2016 2012 1949 1948 1899 1984 2010 1960 2000 2055 2110 2063 1960 1969 1920 1948 1934 1928 1963 2003 2108 2096 1988 1988 1936 1968 1966 1928 1991 1984 2144 2104 1996 2010 1953 1950 1935 1894 1937 1828 2048 2063 1968 1944 1905 1904 1926 1881 1935 1884 2078 2144 2008 1992 1894 1920 1908 1836 1889 1832 1953 2016 1921 1923 1860 1856
1592 1536 1942 1944 2112 1904 1968 2078 1920 1652 1393 1228 1225 1222 1092 1414 1584 1792 1888 2016 2012 1949 1948 1899 1984 2010 1960 2000 2055 2110 2063 1960 1969 1920 1948 1934 1928 1963 2003 2108 2096 1988 1988 1936 1968 1966 1928 1991 1984 2144 2104 1996 2010 1953 1950 1935 1894 1937 1828 2048 2063 1968 1944 1905 1904 1926 1881 1935 1884 2078 2144 2008 1992 1894 1920 1908 1836 1889 1832 1953 2016 1921 1923 1860 1856 1807 1824 1902 1860 1888 2016 1930 1968 1863 1860 1848 1792 1871 1825 1856
1414 1584 1792 1888 2016 2012 1949 1948 1899 1984 2010 1960 2000 2055 2110 2063 1960 1969 1920 1948 1934 1928 1963 2003 2108 2096 1988 1988 1936 1968 1966 1928 1991 1984 2144 2104 1996 2010 1953 1950 1935 1894 1937 1828 2048 2063 1968 1944 1905 1904 1926 1881 1935 1884 2078 2144 2008 1992 1894 1920 1908 1836 1889 1832 1953 2016 1921 1923 1860 1856 1807 1824 1902 1860 1888 2016 1930 1968 1863 1860 1848 1792 1871 1825 1856 2062 2016 2002 1904 1920 1862 1804 1868 1868 1894 2030 2006 2006 1920 1652
2063 1960 1969 1920 1948 1934 1928 1963 2003 2108 2096 1988 1988 1936 1968 1966 1928 1991 1984 2144 2104 1996 2010 1953 1950 1935 1894 1937 1828 2048 2063 1968 1944 1905 1904 1926 1881 1935 1884 2078 2144 2008 1992 1894 1920 1908 1836 1889 1832 1953 2016 1921 1923 1860 1856 1807 1824 1902 1860 1888 2016 1930 1968 1863 1860 1848 1792 1871 1825 1856 2062 2016 2002 1904 1920 1862 1804 1868 1868 1894 2030 2006 2006 1920 1652 1854 1920 1971 1984 1970 1984 2003 2048 1952 1840 1848 1856 1892 1832 1852
1966 1928 1991 1984 2144 2104 1996 2010 1953 1950 1935 1894 1937 1828 2048 2063 1968 1944 1905 1904 1926 1881 1935 1884 2078 2144 2008 1992 1894 1920 1908 1836 1889 1832 1953 2016 1921 1923 1860 1856 1807 1824 1902 1860 1888 2016 1930 1968 1863 1860 1848 1792 1871 1825 1856 2062 2016 2002 1904 1920 1862 1804 1868 1868 1894 2030 2006 2006 1920 1652 1854 1920 1971 1984 1970 1984 2003 2048 1952 1840 1848 1856 1892 1832 1852 1882 1894 1932 1843 1828 1795 1763 1792 1766 1819 1795 1972 2019 1927 1948
2063 1968 1944 1905 1904 1926 1881 1935 1884 2078 2144 2008 1992 1894 1920 1908 1836 1889 1832 1953 2016 1921 1923 1860 1856 1807 1824 1902 1860 1888 2016 1930 1968 1863 1860 1848 1792 1871 1825 1856 2062 2016 2002 1904 1920 1862 1804 1868 1868 1894 2030 2006 2006 1920 1652 1854 1920 1971 1984 1970 1984 2003 2048 1952 1840 1848 1856 1892 1832 1852 1882 1894 1932 1843 1828 1795 1763 1792 1766 1819 1795 1972 2019 1927 1948 1959 1920 1976 1952 1990 1932 2062 2104 1996 1990 1923 1870 1932 1849 1884
1908 1836 1889 1832 1953 2016 1921 1923 1860 1856 1807 1824 1902 1860 1888 2016 1930 1968 1863 1860 1848 1792 1871 1825 1856 2062 2016 2002 1904 1920 1862 1804 1868 1868 1894 2030 2006 2006 1920 1652 1854 1920 1971 1984 1970 1984 2003 2048 1952 1840 1848 1856 1892 1832 1852 1882 1894 1932 1843 1828 1795 1763 1792 1766 1819 1795 1972 2019 1927 1948 1959 1920 1976 1952 1990 1932 2062 2104 1996 1990 1923 1870 1932 1849 1884 1888 1932 2032 1964 1964 1921 1840 1840 1800 1792 1806 1804 1971 1920 1881
2016 1930 1968 1863 1860 1848 1792 1871 1825 1856 2062 2016 2002 1904 1920 1862 1804 1868 1868 1894 2030 2006 2006 1920 1652 1854 1920 1971 1984 1970 1984 2003 2048 1952 1840 1848 1856 1892 1832 1852 1882 1894 1932 1843 1828 1795 1763 1792 1766 1819 1795 1972 2019 1927 1948 1959 1920 1976 1952 1990 1932 2062 2104 1996 1990 1923 1870 1932 1849 1884 1888 1932 2032 1964 1964 1921 1840 1840 1800 1792 1806 1804 1971 1920 1881 1816 1750 1799 1752 1792 1792 1755 1928 1920 1841 1840 1792 1820 1813 1796
1862 1804 1868 1868 1894 2030 2006 2006 1920 1652 1854 1920 1971 1984 1970 1984 2003 2048 1952 1840 1848 1856 1892 1832 1852 1882 1894 1932 1843 1828 1795 1763 1792 1766 1819 1795 1972 2019 1927 1948 1959 1920 1976 1952 1990 1932 2062 2104 1996 1990 1923 1870 1932 1849 1884 1888 1932 2032 1964 1964 1921 1840 1840 1800 1792 1806 1804 1971 1920 1881 1816 1750 1799 1752 1792 1792 1755 1928 1920 1841 1840 1792 1820 1813 1796 1836 1688 1965 1952 1840 2303 2174 1984 1614 1700 1560 1649 1718 1644 1595
1984 2003 2048 1952 1840 1848 1856 1892 1832 1852 1882 1894 1932 1843 1828 1795 1763 1792 1766 1819 1795 1972 2019 1927 1948 1959 1920 1976 1952 1990 1932 2062 2104 1996 1990 1923 1870 1932 1849 1884 1888 1932 2032 1964 1964 1921 1840 1840 1800 1792 1806 1804 1971 1920 1881 1816 1750 1799 1752 1792 1792 1755 1928 1920 1841 1840 1792 1820 1813 1796 1836 1688 1965 1952 1840 2303 2174 1984 1614 1700 1560 1649 1718 1644 1595 1536 1476 1549 1650 1792 1856 1884 1831 2096 2144 2144 1862 1720 1548 1487
1795 1763 1792 1766 1819 1795 1972 2019 1927 1948 1959 1920 1976 1952 1990 1932 2062 2104 1996 1990 1923 1870 1932 1849 1884 1888 1932 2032 1964 1964 1921 1840 1840 1800 1792 1806 1804 1971 1920 1881 1816 1750 1799 1752 1792 1792 1755 1928 1920 1841 1840 1792 1820 1813 1796 1836 1688 1965 1952 1840 2303 2174 1984 1614 1700 1560 1649 1718 1644 1595 1536 1476 1549 1650 1792 1856 1884 1831 2096 2144 2144 1862 1720 1548 1487 1486 1467 1536 1693 1792 1808 1761 1895 1891 1944 1948 1921 1864 2110 2200
1932 2062 2104 1996 1990 1923 1870 1932 1849 1884 1888 1932 2032 1964 1964 1921 1840 1840 1800 1792 1806 1804 1971 1920 1881 1816 1750 1799 1752 1792 1792 1755 1928 1920 1841 1840 1792 1820 1813 1796 1836 1688 1965 1952 1840 2303 2174 1984 1614 1700 1560 1649 1718 1644 1595 1536 1476 1549 1650 1792 1856 1884 1831 2096 2144 2144 1862 1720 1548 1487 1486 1467 1536 1693 1792 1808 1761 1895 1891 1944 1948 1921 1864 2110 2200 2104 1953 1891 1800 1792 1816 1792 1888 1953 2025 2012 1880 1920 1890 1920
1921 1840 1840 1800 1792 1806 1804 1971 1920 1881 1816 1750 1799 1752 1792 1792 1755 1928 1920 1841 1840 1792 1820 1813 1796 1836 1688 1965 1952 1840 2303 2174 1984 1614 1700 1560 1649 1718 1644 1595 1536 1476 1549 1650 1792 1856 1884 1831 2096 2144 2144 1862 1720 1548 1487 1486 1467 1536 1693 1792 1808 1761 1895 1891 1944 1948 1921 1864 2110 2200 2104 1953 1891 1800 1792 1816 1792 1888 1953 2025 2012 1880 1920 1890 1920 1904 1888 1940 1972 2104 2055 1931 1944 1885 1884 1904 1864 1932 1920 2079
1792 1755 1928 1920 1841 1840 1792 1820 1813 1796 1836 1688 1965 1952 1840 2303 2174 1984 1614 1700 1560 1649 1718 1644 1595 1536 1476 1549 1650 1792 1856 1884 1831 2096 2144 2144 1862 1720 1548 1487 1486 1467 1536 1693 1792 1808 1761 1895 1891 1944 1948 1921 1864 2110 2200 2104 1953 1891 1800 1792 1816 1792 1888 1953 2025 2012 1880 1920 1890 1920 1904 1888 1940 1972 2104 2055 1931 1944 1885 1884 1904 1864 1932 1920 2079 2063 1969 1958 1844 1871 1872 1854 1935 1841 2062 2076 1976 1971 1892 1888
2303 2174 1984 1614 1700 1560 1649 1718 1644 1595 1536 1476 1549 1650 1792 1856 1884 1831 2096 2144 2144 1862 1720 1548 1487 1486 1467 1536 1693 1792 1808 1761 1895 1891 1944 1948 1921 1864 2110 2200 2104 1953 1891 1800 1792 1816 1792 1888 1953 2025 2012 1880 1920 1890 1920 1904 1888 1940 1972 2104 2055 1931 1944 1885 1884 1904 1864 1932 1920 2079 2063 1969 1958 1844 1871 1872 1854 1935 1841 2062 2076 1976 1971 1892 1888 1864 1843 1900 1860 1994 2036 1920 1904 1826 1848 1844 1820 1867 1840 1960
1856 1884 1831 2096 2144 2144 1862 1720 1548 1487 1486 1467 1536 1693 1792 1808 1761 1895 1891 1944 1948 1921 1864 2110 2200 2104 1953 1891 1800 1792 1816 1792 1888 1953 2025 2012 1880 1920 1890 1920 1904 1888 1940 1972 2104 2055 1931 1944 1885 1884 1904 1864 1932 1920 2079 2063 1969 1958 1844 1871 1872 1854 1935 1841 2062 2076 1976 1971 1892 1888 1864 1843 1900 1860 1994 2036 1920 1904 1826 1848 1844 1820 1867 1840 1960 2046 1966 1904 1856 1862 1872 1818 1880 1856 1920 2031 1945 1944 1840 1824
1808 1761 1895 1891 1944 1948 1921 1864 2110 2200 2104 1953 1891 1800 1792 1816 1792 1888 1953 2025 2012 1880 1920 1890 1920 1904 1888 1940 1972 2104 2055 1931 1944 1885 1884 1904 1864 1932 1920 2079 2063 1969 1958 1844 1871 1872 1854 1935 1841 2062 2076 1976 1971 1892 1888 1864 1843 1900 1860 1994 2036 1920 1904 1826 1848 1844 1820 1867 1840 1960 2046 1966 1904 1856 1862 1872 1818 1880 1856 1920 2031 1945 1944 1840 1824 1827 1795 1840 1820 1586 1972 2051 2096 1968 1936 1904 1827 1868 1827 1852
1816 1792 1888 1953 2025 2012 1880 1920 1890 1920 1904 1888 1940 1972 2104 2055 1931 1944 1885 1884 1904 1864 1932 1920 2079 2063 1969 1958 1844 1871 1872 1854 1935 1841 2062 2076 1976 1971 1892 1888 1864 1843 1900 1860 1994 2036 1920 1904 1826 1848 1844 1820 1867 1840 1960 2046 1966 1904 1856 1862 1872 1818 1880 1856 1920 2031 1945 1944 1840 1824 1827 1795 1840 1820 1586 1972 2051 2096 1968 1936 1904 1827 1868 1827 1852 1977 1984 1969 1899 1874 1860 1731 1904 1878 1894 1997 2019 1951 1889 1857
2055 1931 1944 1885 1884 1904 1864 1932 1920 2079 2063 1969 1958 1844 1871 1872 1854 1935 1841 2062 2076 1976 1971 1892 1888 1864 1843 1900 1860 1994 2036 1920 1904 1826 1848 1844 1820 1867 1840 1960 2046 1966 1904 1856 1862 1872 1818 1880 1856 1920 2031 1945 1944 1840 1824 1827 1795 1840 1820 1586 1972 2051 2096 1968 1936 1904 1827 1868 1827 1852 1977 1984 1969 1899 1874 1860 1731 1904 1878 1894 1997 2019 1951 1889 1857 1864 1798 1870 1902 1895 1968 2031 2030 1936 1920 1844 1854 1884 1871 1881
1872 1854 1935 1841 2062 2076 1976 1971 1892 1888 1864 1843 1900 1860 1994 2036 1920 1904 1826 1848 1844 1820 1867 1840 1960 2046 1966 1904 1856 1862 1872 1818 1880 1856 1920 2031 1945 1944 1840 1824 1827 1795 1840 1820 1586 1972 2051 2096 1968 1936 1904 1827 1868 1827 1852 1977 1984 1969 1899 1874 1860 1731 1904 1878 1894 1997 2019 1951 1889 1857 1864 1798 1870 1902 1895 1968 2031 2030 1936 1920 1844 1854 1884 1871 1881 1841 1990 1975 1920 1871 1872 1807 1876 1848 1884 1889 2003 2076 1984 1964
2036 1920 1904 1826 1848 1844 1820 1867 1840 1960 2046 1966 1904 1856 1862 1872 1818 1880 1856 1920 2031 1945 1944 1840 1824 1827 1795 1840 1820 1586 1972 2051 2096 1968 1936 1904 1827 1868 1827 1852 1977 1984 1969 1899 1874 1860 1731 1904 1878 1894 1997 2019 1951 1889 1857 1864 1798 1870 1902 1895 1968 2031 2030 1936 1920 1844 1854 1884 1871 1881 1841 1990 1975 1920 1871 1872 1807 1876 1848 1884 1889 2003 2076 1984 1964 1848 1812 1836 1804 1816 1836 1888 2008 1992 1968 1945 1865 1901 1876 1902
1872 1818 1880 1856 1920 2031 1945 1944 1840 1824 1827 1795 1840 1820 1586 1972 2051 2096 1968 1936 1904 1827 1868 1827 1852 1977 1984 1969 1899 1874 1860 1731 1904 1878 1894 1997 2019 1951 1889 1857 1864 1798 1870 1902 1895 1968 2031 2030 1936 1920 1844 1854 1884 1871 1881 1841 1990 1975 1920 1871 1872 1807 1876 1848 1884 1889 2003 2076 1984 1964 1848 1812 1836 1804 1816 1836 1888 2008 1992 1968 1945 1865 1901 1876 1902 1908 1820 1951 1865 1816 1774 1704 1656 2200 2328 2096 1683 1709 1561 1392
1972 2051 2096 1968 1936 1904 1827 1868 1827 1852 1977 1984 1969 1899 1874 1860 1731 1904 1878 1894 1997 2019 1951 1889 1857 1864 1798 1870 1902 1895 1968 2031 2030 1936 1920 1844 1854 1884 1871 1881 1841 1990 1975 1920 1871 1872 1807 1876 1848 1884 1889 2003 2076 1984 1964 1848 1812 1836 1804 1816 1836 1888 2008 1992 1968 1945 1865 1901 1876 1902 1908 1820 1951 1865 1816 1774 1704 1656 2200 2328 2096 1683 1709 1561 1392 1608 1495 1764 1761 1752 2200 2049 2110 1920 1584 1319 1080 1016 1040 944
1860 1731 1904 1878 1894 1997 2019 1951 1889 1857 1864 1798 1870 1902 1895 1968 2031 2030 1936 1920 1844 1854 1884 1871 1881 1841 1990 1975 1920 1871 1872 1807 1876 1848 1884 1889 2003 2076 1984 1964 1848 1812 1836 1804 1816 1836 1888 2008 1992 1968 1945 1865 1901 1876 1902 1908 1820 1951 1865 1816 1774 1704 1656 2200 2328 2096 1683 1709 1561 1392 1608 1495 1764 1761 1752 2200 2049 2110 1920 1584 1319 1080 1016 1040 944 1296 1486 1740 1854 1924 1951 1900 1941 1920 1947 1984 1964 1992 2104 2076
1968 2031 2030 1936 1920 1844 1854 1884 1871 1881 1841 1990 1975 1920 1871 1872 1807 1876 1848 1884 1889 2003 2076 1984 1964 1848 1812 1836 1804 1816 1836 1888 2008 1992 1968 1945 1865 1901 1876 1902 1908 1820 1951 1865 1816 1774 1704 1656 2200 2328 2096 1683 1709 1561 1392 1608 1495 1764 1761 1752 2200 2049 2110 1920 1584 1319 1080 1016 1040 944 1296 1486 1740 1854 1924 1951 1900 1941 1920 1947 1984 1964 1992 2104 2076 2144 2076 2076 1972 1944 1958 1872 1952 2076 2076 2028 1945 1944 1940 1932
1872 1807 1876 1848 1884 1889 2003 2076 1984 1964 1848 1812 1836 1804 1816 1836 1888 2008 1992 1968 1945 1865 1901 1876 1902 1908 1820 1951 1865 1816 1774 1704 1656 2200 2328 2096 1683 1709 1561 1392 1608 1495 1764 1761 1752 2200 2049 2110 1920 1584 1319 1080 1016 1040 944 1296 1486 1740 1854 1924 1951 1900 1941 1920 1947 1984 1964 1992 2104 2076 2144 2076 2076 1972 1944 1958 1872 1952 2076 2076 2028 1945 1944 1940 1932 1964 1875 1920 2076 2076 2038 1932 1944 1880 1868 1892 1868 1931 1969 2062
1836 1888 2008 1992 1968 1945 1865 1901 1876 1902 1908 1820 1951 1865 1816 1774 1704 1656 2200 2328 2096 1683 1709 1561 1392 1608 1495 1764 1761 1752 2200 2049 2110 1920 1584 1319 1080 1016 1040 944 1296 1486 1740 1854 1924 1951 1900 1941 1920 1947 1984 1964 1992 2104 2076 2144 2076 2076 1972 1944 1958 1872 1952 2076 2076 2028 1945 1944 1940 1932 1964 1875 1920 2076 2076 2038 1932 1944 1880 1868 1892 1868 1931 1969 2062 2030 1953 1932 1856 1880 1920 1843 1920 1931 2046 2023 1920 1923 1876 1891
1774 1704 1656 2200 2328 2096 1683 1709 1561 1392 1608 1495 1764 1761 1752 2200 2049 2110 1920 1584 1319 1080 1016 1040 944 1296 1486 1740 1854 1924 1951 1900 1941 1920 1947 1984 1964 1992 2104 2076 2144 2076 2076 1972 1944 1958 1872 1952 2076 2076 2028 1945 1944 1940 1932 1964 1875 1920 2076 2076 2038 1932 1944 1880 1868 1892 1868 1931 1969 2062 2030 1953 1932 1856 1880 1920 1843 1920 1931 2046 2023 1920 1923 1876 1891 1904 1875 1920 1868 2008 2017 1932 1942 1870 1843 1860 1836 1876 1776 1968
2200 2049 2110 1920 1584 1319 1080 1016 1040 944 1296 1486 1740 1854 1924 1951 1900 1941 1920 1947 1984 1964 1992 2104 2076 2144 2076 2076 1972 1944 1958 1872 1952 2076 2076 2028 1945 1944 1940 1932 1964 1875 1920 2076 2076 2038 1932 1944 1880 1868 1892 1868 1931 1969 2062 2030 1953 1932 1856 1880 1920 1843 1920 1931 2046 2023 1920 1923 1876 1891 1904 1875 1920 1868 2008 2017 1932 1942 1870 1843 1860 1836 1876 1776 1968 2032 1920 1920 1871 1868 1864 1831 1896 1852 1956 1997 1910 1888 1808 1792
1951 1900 1941 1920 1947 1984 1964 1992 2104 2076 2144 2076 2076 1972 1944 1958 1872 1952 2076 2076 2028 1945 1944 1940 1932 1964 1875 1920 2076 2076 2038 1932 1944 1880 1868 1892 1868 1931 1969 2062 2030 1953 1932 1856 1880 1920 1843 1920 1931 2046 2023 1920 1923 1876 1891 1904 1875 1920 1868 2008 2017 1932 1942 1870 1843 1860 1836 1876 1776 1968 2032 1920 1920 1871 1868 1864 1831 1896 1852 1956 1997 1910 1888 1808 1792 1752 1756 1808 1792 1894 2017 1952 1923 1830 1632 1864 1900 1991 1953 1951
1958 1872 1952 2076 2076 2028 1945 1944 1940 1932 1964 1875 1920 2076 2076 2038 1932 1944 1880 1868 1892 1868 1931 1969 2062 2030 1953 1932 1856 1880 1920 1843 1920 1931 2046 2023 1920 1923 1876 1891 1904 1875 1920 1868 2008 2017 1932 1942 1870 1843 1860 1836 1876 1776 1968 2032 1920 1920 1871 1868 1864 1831 1896 1852 1956 1997 1910 1888 1808 1792 1752 1756 1808 1792 1894 2017 1952 1923 1830 1632 1864 1900 1991 1953 1951 2104 2004 1977 1876 1804 1792 1744 1793 1792 1728 1965 1940 1990 1760 1854
2038 1932 1944 1880 1868 1892 1868 1931 1969 2062 2030 1953 1932 1856 1880 1920 1843 1920 1931 2046 2023 1920 1923 1876 1891 1904 1875 1920 1868 2008 2017 1932 1942 1870 1843 1860 1836 1876 1776 1968 2032 1920 1920 1871 1868 1864 1831 1896 1852 1956 1997 1910 1888 1808 1792 1752 1756 1808 1792 1894 2017 1952 1923 1830 1632 1864 1900 1991 1953 1951 2104 2004 1977 1876 1804 1792 1744 1793 1792 1728 1965 1940 1990 1760 1854 1894 1796 1857 1804 1840 1976 1923 1944 1870 1845 1852 1728 1801 1792 1748
1920 1843 1920 1931 2046 2023 1920 1923 1876 1891 1904 1875 1920 1868 2008 2017 1932 1942 1870 1843 1860 1836 1876 1776 1968 2032 1920 1920 1871 1868 1864 1831 1896 1852 1956 1997 1910 1888 1808 1792 1752 1756 1808 1792 1894 2017 1952 1923 1830 1632 1864 1900 1991 1953 1951 2104 2004 1977 1876 1804 1792 1744 1793 1792 1728 1965 1940 1990 1760 1854 1894 1796 1857 1804 1840 1976 1923 1944 1870 1845 1852 1728 1801 1792 1748 1888 1926 1950 1827 1817 1792 1734 1807 1816 1816 1862 1958 1984 1890 1816
2017 1932 1942 1870 1843 1860 1836 1876 1776 1968 2032 1920 1920 1871 1868 1864 1831 1896 1852 1956 1997 1910 1888 1808 1792 1752 1756 1808 1792 1894 2017 1952 1923 1830 1632 1864 1900 1991 1953 1951 2104 2004 1977 1876 1804 1792 1744 1793 1792 1728 1965 1940 1990 1760 1854 1894 1796 1857 1804 1840 1976 1923 1944 1870 1845 1852 1728 1801 1792 1748 1888 1926 1950 1827 1817 1792 1734 1807 1816 1816 1862 1958 1984 1890 1816 1840 1792 1867 1841 1841 1804 1976 2014 1920 1910 1899 1833 1889 1857 1864
1864 1831 1896 1852 1956 1997 1910 1888 1808 1792 1752 1756 1808 1792 1894 2017 1952 1923 1830 1632 1864 1900 1991 1953 1951 2104 2004 1977 1876 1804 1792 1744 1793 1792 1728 1965 1940 1990 1760 1854 1894 1796 1857 1804 1840 1976 1923 1944 1870 1845 1852 1728 1801 1792 1748 1888 1926 1950 1827 1817 1792 1734 1807 1816 1816 1862 1958 1984 1890 1816 1840 1792 1867 1841 1841 1804 1976 2014 1920 1910 1899 1833 1889 1857 1864 1888 1972 2055 2000 1940 1920 1856 1889 1828 1848 1888 1875 2020 1891 2104
2017 1952 1923 1830 1632 1864 1900 1991 1953 1951 2104 2004 1977 1876 1804 1792 1744 1793 1792 1728 1965 1940 1990 1760 1854 1894 1796 1857 1804 1840 1976 1923 1944 1870 1845 1852 1728 1801 1792 1748 1888 1926 1950 1827 1817 1792 1734 1807 1816 1816 1862 1958 1984 1890 1816 1840 1792 1867 1841 1841 1804 1976 2014 1920 1910 1899 1833 1889 1857 1864 1888 1972 2055 2000 1940 1920 1856 1889 1828 1848 1888 1875 2020 1891 2104 2272 2063 1903 1811 1753 1769 1701 1792 1686 1612 1608 1543 1577 1731 1692
1792 1744 1793 1792 1728 1965 1940 1990 1760 1854 1894 1796 1857 1804 1840 1976 1923 1944 1870 1845 1852 1728 1801 1792 1748 1888 1926 1950 1827 1817 1792 1734 1807 1816 1816 1862 1958 1984 1890 1816 1840 1792 1867 1841 1841 1804 1976 2014 1920 1910 1899 1833 1889 1857 1864 1888 1972 2055 2000 1940 1920 1856 1889 1828 1848 1888 1875 2020 1891 2104 2272 2063 1903 1811 1753 1769 1701 1792 1686 1612 1608 1543 1577 1731 1692 1911 1792 1940 1987 1648 2048 2000 1932 1792 1695 1715 1672 1795 1831 1832
1976 1923 1944 1870 1845 1852 1728 1801 1792 1748 1888 1926 1950 1827 1817 1792 1734 1807 1816 1816 1862 1958 1984 1890 1816 1840 1792 1867 1841 1841 1804 1976 2014 1920 1910 1899 1833 1889 1857 1864 1888 1972 2055 2000 1940 1920 1856 1889 1828 1848 1888 1875 2020 1891 2104 2272 2063 1903 1811 1753 1769 1701 1792 1686 1612 1608 1543 1577 1731 1692 1911 1792 1940 1987 1648 2048 2000 1932 1792 1695 1715 1672 1795 1831 1832 1816 1804 1848 1831 1852 1900 1888 1940 2045 2062 2062 1950 1939 1888 1920
1792 1734 1807 1816 1816 1862 1958 1984 1890 1816 1840 1792 1867 1841 1841 1804 1976 2014 1920 1910 1899 1833 1889 1857 1864 1888 1972 2055 2000 1940 1920 1856 1889 1828 1848 1888 1875 2020 1891 2104 2272 2063 1903 1811 1753 1769 1701 1792 1686 1612 1608 1543 1577 1731 1692 1911 1792 1940 1987 1648 2048 2000 1932 1792 1695 1715 1672 1795 1831 1832 1816 1804 1848 1831 1852 1900 1888 1940 2045 2062 2062 1950 1939 1888 1920 1968 1900 1979 2023 1984 1948 1849 1862 1836 1841 1897 1846 1880 2023 2018
1804 1976 2014 1920 1910 1899 1833 1889 1857 1864 1888 1972 2055 2000 1940 1920 1856 1889 1828 1848 1888 1875 2020 1891 2104 2272 2063 1903 1811 1753 1769 1701 1792 1686 1612 1608 1543 1577 1731 1692 1911 1792 1940 1987 1648 2048 2000 1932 1792 1695 1715 1672 1795 1831 1832 1816 1804 1848 1831 1852 1900 1888 1940 2045 2062 2062 1950 1939 1888 1920 1968 1900 1979 2023 1984 1948 1849 1862 1836 1841 1897 1846 1880 2023 2018 2036 1888 1897 1852 1853 1891 1888 1854 1993 1996 1996 1908 1920 1848 1804
1920 1856 1889 1828 1848 1888 1875 2020 1891 2104 2272 2063 1903 1811 1753 1769 1701 1792 1686 1612 1608 1543 1577 1731 1692 1911 1792 1940 1987 1648 2048 2000 1932 1792 1695 1715 1672 1795 1831 1832 1816 1804 1848 1831 1852 1900 1888 1940 2045 2062 2062 1950 1939 1888 1920 1968 1900 1979 2023 1984 1948 1849 1862 1836 1841 1897 1846 1880 2023 2018 2036 1888 1897 1852 1853 1891 1888 1854 1993 1996 1996 1908 1920 1848 1804 1889 1840 1881 1950 2003 1987 1894 1897 1840 1823 1870 1834 1892 1920 2012
1769 1701 1792 1686 1612 1608 1543 1577 1731 1692 1911 1792 1940 1987 1648 2048 2000 1932 1792 1695 1715 1672 1795 1831 1832 1816 1804 1848 1831 1852 1900 1888 1940 2045 2062 2062 1950 1939 1888 1920 1968 1900 1979 2023 1984 1948 1849 1862 1836 1841 1897 1846 1880 2023 2018 2036 1888 1897 1852 1853 1891 1888 1854 1993 1996 1996 1908 1920 1848 1804 1889 1840 1881 1950 2003 1987 1894 1897 1840 1823 1870 1834 1892 1920 2012 2076 1958 1964 1868 1828 1880 1836 1880 1820 1976 2022 1868 1905 1852 1846
2048 2000 1932 1792 1695 1715 1672 1795 1831 1832 1816 1804 1848 1831 1852 1900 1888 1940 2045 2062 2062 1950 1939 1888 1920 1968 1900 1979 2023 1984 1948 1849 1862 1836 1841 1897 1846 1880 2023 2018 2036 1888 1897 1852 1853 1891 1888 1854 1993 1996 1996 1908 1920 1848 1804 1889 1840 1881 1950 2003 1987 1894 1897 1840 1823 1870 1834 1892 1920 2012 2076 1958 1964 1868 1828 1880 1836 1880 1820 1976 2022 1868 1905 1852 1846 1895 1854 1926 1820 2008 2024 1937 1905 1823 1792 1816 1792 1845 1841 1692
1900 1888 1940 2045 2062 2062 1950 1939 1888 1920 1968 1900 1979 2023 1984 1948 1849 1862 1836 1841 1897 1846 1880 2023 2018 2036 1888 1897 1852 1853 1891 1888 1854 1993 1996 1996 1908 1920 1848 1804 1889 1840 1881 1950 2003 1987 1894 1897 1840 1823 1870 1834 1892 1920 2012 2076 1958 1964 1868 1828 1880 1836 1880 1820 1976 2022 1868 1905 1852 1846 1895 1854 1926 1820 2008 2024 1937 1905 1823 1792 1816 1792 1845 1841 1692 1989 2008 2040 1972 1920 1904 1835 1852 1824 1864 1984 1871 1880 1808 1795
1948 1849 1862 1836 1841 1897 1846 1880 2023 2018 2036 1888 1897 1852 1853 1891 1888 1854 1993 1996 1996 1908 1920 1848 1804 1889 1840 1881 1950 2003 1987 1894 1897 1840 1823 1870 1834 1892 1920 2012 2076 1958 1964 1868 1828 1880 1836 1880 1820 1976 2022 1868 1905 1852 1846 1895 1854 1926 1820 2008 2024 1937 1905 1823 1792 1816 1792 1845 1841 1692 1989 2008 2040 1972 1920 1904 1835 1852 1824 1864 1984 1871 1880 1808 1795 1792 1796 1827 1848 1831 2032 1984 1966 1808 1824 1880 1840 1868 1823 1716
1891 1888 1854 1993 1996 1996 1908 1920 1848 1804 1889 1840 1881 1950 2003 1987 1894 1897 1840 1823 1870 1834 1892 1920 2012 2076 1958 1964 1868 1828 1880 1836 1880 1820 1976 2022 1868 1905 1852 1846 1895 1854 1926 1820 2008 2024 1937 1905 1823 1792 1816 1792 1845 1841 1692 1989 2008 2040 1972 1920 1904 1835 1852 1824 1864 1984 1871 1880 1808 1795 1792 1796 1827 1848 1831 2032 1984 1966 1808 1824 1880 1840 1868 1823 1716 1948 1920 1904 1816 1792 1819 1792 1844 1823 1820 1972 1952 1944 1880 1847
1987 1894 1897 1840 1823 1870 1834 1892 1920 2012 2076 1958 1964 1868 1828 1880 1836 1880 1820 1976 2022 1868 1905 1852 1846 1895 1854 1926 1820 2008 2024 1937 1905 1823 1792 1816 1792 1845 1841 1692 1989 2008 2040 1972 1920 1904 1835 1852 1824 1864 1984 1871 1880 1808 1795 1792 1796 1827 1848 1831 2032 1984 1966 1808 1824 1880 1840 1868 1823 1716 1948 1920 1904 1816 1792 1819 1792 1844 1823 1820 1972 1952 1944 1880 1847 1828 1792 1807 1792 1792 1870 1955 1998 1875 1836 1862 1792 1838 1806 1820
1880 1836 1880 1820 1976 2022 1868 1905 1852 1846 1895 1854 1926 1820 2008 2024 1937 1905 1823 1792 1816 1792 1845 1841 1692 1989 2008 2040 1972 1920 1904 1835 1852 1824 1864 1984 1871 1880 1808 1795 1792 1796 1827 1848 1831 2032 1984 1966 1808 1824 1880 1840 1868 1823 1716 1948 1920 1904 1816 1792 1819 1792 1844 1823 1820 1972 1952 1944 1880 1847 1828 1792 1807 1792 1792 1870 1955 1998 1875 1836 1862 1792 1838 1806 1820 1817 1960 2014 1940 1894 1897 1825 1864 1833 1846 1893 1944 2043 1976 2465
2024 1937 1905 1823 1792 1816 1792 1845 1841 1692 1989 2008 2040 1972 1920 1904 1835 1852 1824 1864 1984 1871 1880 1808 1795 1792 1796 1827 1848 1831 2032 1984 1966 1808 1824 1880 1840 1868 1823 1716 1948 1920 1904 1816 1792 1819 1792 1844 1823 1820 1972 1952 1944 1880 1847 1828 1792 1807 1792 1792 1870 1955 1998 1875 1836 1862 1792 1838 1806 1820 1817 1960 2014 1940 1894 1897 1825 1864 1833 1846 1893 1944 2043 1976 2465 2432 2510 2288 1770 1432 1206 1128 1196 1203 1229 1472 1443 1692 1667 1823
1904 1835 1852 1824 1864 1984 1871 1880 1808 1795 1792 1796 1827 1848 1831 2032 1984 1966 1808 1824 1880 1840 1868 1823 1716 1948 1920 1904 1816 1792 1819 1792 1844 1823 1820 1972 1952 1944 1880 1847 1828 1792 1807 1792 1792 1870 1955 1998 1875 1836 1862 1792 1838 1806 1820 1817 1960 2014 1940 1894 1897 1825 1864 1833 1846 1893 1944 2043 1976 2465 2432 2510 2288 1770 1432 1206 1128 1196 1203 1229 1472 1443 1692 1667 1823 1924 1868 1854 1753 1694 1667 1649 1720 1736 1560 1882 1982 2204 2188 2144
2032 1984 1966 1808 1824 1880 1840 1868 1823 1716 1948 1920 1904 1816 1792 1819 1792 1844 1823 1820 1972 1952 1944 1880 1847 1828 1792 1807 1792 1792 1870 1955 1998 1875 1836 1862 1792 1838 1806 1820 1817 1960 2014 1940 1894 1897 1825 1864 1833 1846 1893 1944 2043 1976 2465 2432 2510 2288 1770 1432 1206 1128 1196 1203 1229 1472 1443 1692 1667 1823 1924 1868 1854 1753 1694 1667 1649 1720 1736 1560 1882 1982 2204 2188 2144 2104 1977 1988 1937 1923 1968 1824 2144 2108 2076 2028 1923 1947 1880 1870
1819 1792 1844 1823 1820 1972 1952 1944 1880 1847 1828 1792 1807 1792 1792 1870 1955 1998 1875 1836 1862 1792 1838 1806 1820 1817 1960 2014 1940 1894 1897 1825 1864 1833 1846 1893 1944 2043 1976 2465 2432 2510 2288 1770 1432 1206 1128 1196 1203 1229 1472 1443 1692 1667 1823 1924 1868 1854 1753 1694 1667 1649 1720 1736 1560 1882 1982 2204 2188 2144 2104 1977 1988 1937 1923 1968 1824 2144 2108 2076 2028 1923 1947 1880 1870 1888 1830 1960 1964 1936 1935 1848 1852 1822 1818 1871 1792 1940 2008 1964
1870 1955 1998 1875 1836 1862 1792 1838 1806 1820 1817 1960 2014 1940 1894 1897 1825 1864 1833 1846 1893 1944 2043 1976 2465 2432 2510 2288 1770 1432 1206 1128 1196 1203 1229 1472 1443 1692 1667 1823 1924 1868 1854 1753 1694 1667 1649 1720 1736 1560 1882 1982 2204 2188 2144 2104 1977 1988 1937 1923 1968 1824 2144 2108 2076 2028 1923 1947 1880 1870 1888 1830 1960 1964 1936 1935 1848 1852 1822 1818 1871 1792 1940 2008 1964 1939 1843 1838 1820 1848 1908 1863 1932 2028 1996 1987 1892 1865 1828 1836
1897 1825 1864 1833 1846 1893 1944 2043 1976 2465 2432 2510 2288 1770 1432 1206 1128 1196 1203 1229 1472 1443 1692 1667 1823 1924 1868 1854 1753 1694 1667 1649 1720 1736 1560 1882 1982 2204 2188 2144 2104 1977 1988 1937 1923 1968 1824 2144 2108 2076 2028 1923 1947 1880 1870 1888 1830 1960 1964 1936 1935 1848 1852 1822 1818 1871 1792 1940 2008 1964 1939 1843 1838 1820 1848 1908 1863 1932 2028 1996 1987 1892 1865 1828 1836 1889 1872 1857 2035 2048 2004 1900 1898 1873 1831 1928 1859 1886 2012 2017
1206 1128 1196 1203 1229 1472 1443 1692 1667 1823 1924 1868 1854 1753 1694 1667 1649 1720 1736 1560 1882 1982 2204 2188 2144 2104 1977 1988 1937 1923 1968 1824 2144 2108 2076 2028 1923 1947 1880 1870 1888 1830 1960 1964 1936 1935 1848 1852 1822 1818 1871 1792 1940 2008 1964 1939 1843 1838 1820 1848 1908 1863 1932 2028 1996 1987 1892 1865 1828 1836 1889 1872 1857 2035 2048 2004 1900 1898 1873 1831 1928 1859 1886 2012 2017 2019 1920 1904 1853 1856 1920 1856 1908 1968 2031 2041 1929 1928 1894 1868
1667 1649 1720 1736 1560 1882 1982 2204 2188 2144 2104 1977 1988 1937 1923 1968 1824 2144 2108 2076 2028 1923 1947 1880 1870 1888 1830 1960 1964 1936 1935 1848 1852 1822 1818 1871 1792 1940 2008 1964 1939 1843 1838 1820 1848 1908 1863 1932 2028 1996 1987 1892 1865 1828 1836 1889 1872 1857 2035 2048 2004 1900 1898 1873 1831 1928 1859 1886 2012 2017 2019 1920 1904 1853 1856 1920 1856 1908 1968 2031 2041 1929 1928 1894 1868 1889 1856 1904 1940 2063 2076 1955 1940 1878 1860 1902 1856 1904 1796 2004
1968 1824 2144 2108 2076 2028 1923 1947 1880 1870 1888 1830 1960 1964 1936 1935 1848 1852 1822 1818 1871 1792 1940 2008 1964 1939 1843 1838 1820 1848 1908 1863 1932 2028 1996 1987 1892 1865 1828 1836 1889 1872 1857 2035 2048 2004 1900 1898 1873 1831 1928 1859 1886 2012 2017 2019 1920 1904 1853 1856 1920 1856 1908 1968 2031 2041 1929 1928 1894 1868 1889 1856 1904 1940 2063 2076 1955 1940 1878 1860 1902 1856 1904 1796 2004 2062 1951 1932 1844 1624 1868 1932 1991 1953 2063 2144 2016 1896 1836 1849
1935 1848 1852 1822 1818 1871 1792 1940 2008 1964 1939 1843 1838 1820 1848 1908 1863 1932 2028 1996 1987 1892 1865 1828 1836 1889 1872 1857 2035 2048 2004 1900 1898 1873 1831 1928 1859 1886 2012 2017 2019 1920 1904 1853 1856 1920 1856 1908 1968 2031 2041 1929 1928 1894 1868 1889 1856 1904 1940 2063 2076 1955 1940 1878 1860 1902 1856 1904 1796 2004 2062 1951 1932 1844 1624 1868 1932 1991 1953 2063 2144 2016 1896 1836 1849 1891 1849 1840 1806 1890 1979 1868 1848 1792 1792 1800 1770 1834 1856 1868
1908 1863 1932 2028 1996 1987 1892 1865 1828 1836 1889 1872 1857 2035 2048 2004 1900 1898 1873 1831 1928 1859 1886 2012 2017 2019 1920 1904 1853 1856 1920 1856 1908 1968 2031 2041 1929 1928 1894 1868 1889 1856 1904 1940 2063 2076 1955 1940 1878 1860 1902 1856 1904 1796 2004 2062 1951 1932 1844 1624 1868 1932 1991 1953 2063 2144 2016 1896 1836 1849 1891 1849 1840 1806 1890 1979 1868 1848 1792 1792 1800 1770 1834 1856 1868 2012 1894 1920 1848 1808 1816 1774 1793 1792 1792 1996 1943 1937 1871 1832
2004 1900 1898 1873 1831 1928 1859 1886 2012 2017 2019 1920 1904 1853 1856 1920 1856 1908 1968 2031 2041 1929 1928 1894 1868 1889 1856 1904 1940 2063 2076 1955 1940 1878 1860 1902 1856 1904 1796 2004 2062 1951 1932 1844 1624 1868 1932 1991 1953 2063 2144 2016 1896 1836 1849 1891 1849 1840 1806 1890 1979 1868 1848 1792 1792 1800 1770 1834 1856 1868 2012 1894 1920 1848 1808 1816 1774 1793 1792 1792 1996 1943 1937 1871 1832 1808 1792 1812 1812 1777 2007 1973 1984 1877 1849 1833 1811 1852 1854 1879
1920 1856 1908 1968 2031 2041 1929 1928 1894 1868 1889 1856 1904 1940 2063 2076 1955 1940 1878 1860 1902 1856 1904 1796 2004 2062 1951 1932 1844 1624 1868 1932 1991 1953 2063 2144 2016 1896 1836 1849 1891 1849 1840 1806 1890 1979 1868 1848 1792 1792 1800 1770 1834 1856 1868 2012 1894 1920 1848 1808 1816 1774 1793 1792 1792 1996 1943 1937 1871 1832 1808 1792 1812 1812 1777 2007 1973 1984 1877 1849 1833 1811 1852 1854 1879 2004 1936 1934 1881 1795 1816 1792 1846 1828 1841 1958 2032 1993 1875 1829
2076 1955 1940 1878 1860 1902 1856 1904 1796 2004 2062 1951 1932 1844 1624 1868 1932 1991 1953 2063 2144 2016 1896 1836 1849 1891 1849 1840 1806 1890 1979 1868 1848 1792 1792 1800 1770 1834 1856 1868 2012 1894 1920 1848 1808 1816 1774 1793 1792 1792 1996 1943 1937 1871 1832 1808 1792 1812 1812 1777 2007 1973 1984 1877 1849 1833 1811 1852 1854 1879 2004 1936 1934 1881 1795 1816 1792 1846 1828 1841 1958 2032 1993 1875 1829 1846 1792 1821 1796 1798 1852 1952 1952 1932 2432 2432 1993 1774 1560 1360
1868 1932 1991 1953 2063 2144 2016 1896 1836 1849 1891 1849 1840 1806 1890 1979 1868 1848 1792 1792 1800 1770 1834 1856 1868 2012 1894 1920 1848 1808 1816 1774 1793 1792 1792 1996 1943 1937 1871 1832 1808 1792 1812 1812 1777 2007 1973 1984 1877 1849 1833 1811 1852 1854 1879 2004 1936 1934 1881 1795 1816 1792 1846 1828 1841 1958 2032 1993 1875 1829 1846 1792 1821 1796 1798 1852 1952 1952 1932 2432 2432 1993 1774 1560 1360 1632 1619 1792 1702 1560 1584 1576 1636 1676 1688 1752 1769 1889 1792 1456
1979 1868 1848 1792 1792 1800 1770 1834 1856 1868 2012 1894 1920 1848 1808 1816 1774 1793 1792 1792 1996 1943 1937 1871 1832 1808 1792 1812 1812 1777 2007 1973 1984 1877 1849 1833 1811 1852 1854 1879 2004 1936 1934 1881 1795 1816 1792 1846 1828 1841 1958 2032 1993 1875 1829 1846 1792 1821 1796 1798 1852 1952 1952 1932 2432 2432 1993 1774 1560 1360 1632 1619 1792 1702 1560 1584 1576 1636 1676 1688 1752 1769 1889 1792 1456 1670 1761 1904 1863 1832 1844 1712 2030 2043 1984 1944 1806 1845 1850 1871
1816 1774 1793 1792 1792 1996 1943 1937 1871 1832 1808 1792 1812 1812 1777 2007 1973 1984 1877 1849 1833 1811 1852 1854 1879 2004 1936 1934 1881 1795 1816 1792 1846 1828 1841 1958 2032 1993 1875 1829 1846 1792 1821 1796 1798 1852 1952 1952 1932 2432 2432 1993 1774 1560 1360 1632 1619 1792 1702 1560 1584 1576 1636 1676 1688 1752 1769 1889 1792 1456 1670 1761 1904 1863 1832 1844 1712 2030 2043 1984 1944 1806 1845 1850 1871 1928 1828 2076 2035 1984 1944 1844 1864 1836 1830 1897 1792 2028 1997 1961
2007 1973 1984 1877 1849 1833 1811 1852 1854 1879 2004 1936 1934 1881 1795 1816 1792 1846 1828 1841 1958 2032 1993 1875 1829 1846 1792 1821 1796 1798 1852 1952 1952 1932 2432 2432 1993 1774 1560 1360 1632 1619 1792 1702 1560 1584 1576 1636 1676 1688 1752 1769 1889 1792 1456 1670 1761 1904 1863 1832 1844 1712 2030 2043 1984 1944 1806 1845 1850 1871 1928 1828 2076 2035 1984 1944 1844 1864 1836 1830 1897 1792 2028 1997 1961 1955 1848 1907 1862 1871 1936 1900 2041 2055 2003 1996 1896 1920 1871 1871
1816 1792 1846 1828 1841 1958 2032 1993 1875 1829 1846 1792 1821 1796 1798 1852 1952 1952 1932 2432 2432 1993 1774 1560 1360 1632 1619 1792 1702 1560 1584 1576 1636 1676 1688 1752 1769 1889 1792 1456 1670 1761 1904 1863 1832 1844 1712 2030 2043 1984 1944 1806 1845 1850 1871 1928 1828 2076 2035 1984 1944 1844 1864 1836 1830 1897 1792 2028 1997 1961 1955 1848 1907 1862 1871 1936 1900 2041 2055 2003 1996 1896 1920 1871 1871 1936 1900 2003 2038 1996 1959 1865 1871 1840 1840 1868 1800 1888 2019 1984
1852 1952 1952 1932 2432 2432 1993 1774 1560 1360 1632 1619 1792 1702 1560 1584 1576 1636 1676 1688 1752 1769 1889 1792 1456 1670 1761 1904 1863 1832 1844 1712 2030 2043 1984 1944 1806 1845 1850 1871 1928 1828 2076 2035 1984 1944 1844 1864 1836 1830 1897 1792 2028 1997 1961 1955 1848 1907 1862 1871 1936 1900 2041 2055 2003 1996 1896 1920 1871 1871 1936 1900 2003 2038 1996 1959 1865 1871 1840 1840 1868 1800 1888 2019 1984 1984 1860 1860 1852 1852 1920 1863 1852 2019 2005 1991 1894 1926 1862 1856
1584 1576 1636 1676 1688 1752 1769 1889 1792 1456 1670 1761 1904 1863 1832 1844 1712 2030 2043 1984 1944 1806 1845 1850 1871 1928 1828 2076 2035 1984 1944 1844 1864 1836 1830 1897 1792 2028 1997 1961 1955 1848 1907 1862 1871 1936 1900 2041 2055 2003 1996 1896 1920 1871 1871 1936 1900 2003 2038 1996 1959 1865 1871 1840 1840 1868 1800 1888 2019 1984 1984 1860 1860 1852 1852 1920 1863 1852 2019 2005 1991 1894 1926 1862 1856 1904 1864 1920 2008 2029 2029 1921 1920 2144 2380 2279 2337 2191 1888 1465
1844 1712 2030 2043 1984 1944 1806 1845 1850 1871 1928 1828 2076 2035 1984 1944 1844 1864 1836 1830 1897 1792 2028 1997 1961 1955 1848 1907 1862 1871 1936 1900 2041 2055 2003 1996 1896 1920 1871 1871 1936 1900 2003 2038 1996 1959 1865 1871 1840 1840 1868 1800 1888 2019 1984 1984 1860 1860 1852 1852 1920 1863 1852 2019 2005 1991 1894 1926 1862 1856 1904 1864 1920 2008 2029 2029 1921 1920 2144 2380 2279 2337 2191 1888 1465 1590 1354 1183 997 993 1108 1120 1320 1413 1416 1768 1856 1956 1952 1950
1944 1844 1864 1836 1830 1897 1792 2028 1997 1961 1955 1848 1907 1862 1871 1936 1900 2041 2055 2003 1996 1896 1920 1871 1871 1936 1900 2003 2038 1996 1959 1865 1871 1840 1840 1868 1800 1888 2019 1984 1984 1860 1860 1852 1852 1920 1863 1852 2019 2005 1991 1894 1926 1862 1856 1904 1864 1920 2008 2029 2029 1921 1920 2144 2380 2279 2337 2191 1888 1465 1590 1354 1183 997 993 1108 1120 1320 1413 1416 1768 1856 1956 1952 1950 1984 1935 1976 1928 2096 2160 2076 2104 1988 1908 2012 2012 2032 1984 2096
1936 1900 2041 2055 2003 1996 1896 1920 1871 1871 1936 1900 2003 2038 1996 1959 1865 1871 1840 1840 1868 1800 1888 2019 1984 1984 1860 1860 1852 1852 1920 1863 1852 2019 2005 1991 1894 1926 1862 1856 1904 1864 1920 2008 2029 2029 1921 1920 2144 2380 2279 2337 2191 1888 1465 1590 1354 1183 997 993 1108 1120 1320 1413 1416 1768 1856 1956 1952 1950 1984 1935 1976 1928 2096 2160 2076 2104 1988 1908 2012 2012 2032 1984 2096 2160 2020 1984 1923 1878 1920 1880 1939 1920 2017 2160 2000 2024 1987 1948
1959 1865 1871 1840 1840 1868 1800 1888 2019 1984 1984 1860 1860 1852 1852 1920 1863 1852 2019 2005 1991 1894 1926 1862 1856 1904 1864 1920 2008 2029 2029 1921 1920 2144 2380 2279 2337 2191 1888 1465 1590 1354 1183 997 993 1108 1120 1320 1413 1416 1768 1856 1956 1952 1950 1984 1935 1976 1928 2096 2160 2076 2104 1988 1908 2012 2012 2032 1984 2096 2160 2020 1984 1923 1878 1920 1880 1939 1920 2017 2160 2000 2024 1987 1948 1996 1932 1920 1880 1921 2104 2012 1976 1884 1859 1902 1835 1880 1844 1792
1920 1863 1852 2019 2005 1991 1894 1926 1862 1856 1904 1864 1920 2008 2029 2029 1921 1920 2144 2380 2279 2337 2191 1888 1465 1590 1354 1183 997 993 1108 1120 1320 1413 1416 1768 1856 1956 1952 1950 1984 1935 1976 1928 2096 2160 2076 2104 1988 1908 2012 2012 2032 1984 2096 2160 2020 1984 1923 1878 1920 1880 1939 1920 2017 2160 2000 2024 1987 1948 1996 1932 1920 1880 1921 2104 2012 1976 1884 1859 1902 1835 1880 1844 1792 2046 1987 1955 1880 1792 1888 1840 1848 1824 1792 2032 2012 1999 1889 1871
2029 1921 1920 2144 2380 2279 2337 2191 1888 1465 1590 1354 1183 997 993 1108 1120 1320 1413 1416 1768 1856 1956 1952 1950 1984 1935 1976 1928 2096 2160 2076 2104 1988 1908 2012 2012 2032 1984 2096 2160 2020 1984 1923 1878 1920 1880 1939 1920 2017 2160 2000 2024 1987 1948 1996 1932 1920 1880 1921 2104 2012 1976 1884 1859 1902 1835 1880 1844 1792 2046 1987 1955 1880 1792 1888 1840 1848 1824 1792 2032 2012 1999 1889 1871 1892 1827 1864 1864 1854 2032 2055 2003 1848 2168 2588 2252 1899 1612 1414
1108 1120 1320 1413 1416 1768 1856 1956 1952 1950 1984 1935 1976 1928 2096 2160 2076 2104 1988 1908 2012 2012 2032 1984 2096 2160 2020 1984 1923 1878 1920 1880 1939 1920 2017 2160 2000 2024 1987 1948 1996 1932 1920 1880 1921 2104 2012 1976 1884 1859 1902 1835 1880 1844 1792 2046 1987 1955 1880 1792 1888 1840 1848 1824 1792 2032 2012 1999 1889 1871 1892 1827 1864 1864 1854 2032 2055 2003 1848 2168 2588 2252 1899 1612 1414 1450 1536 1536 1486 1507 1584 1596 1669 1712 1740 1736 2096 2476 2272 1948
2160 2076 2104 1988 1908 2012 2012 2032 1984 2096 2160 2020 1984 1923 1878 1920 1880 1939 1920 2017 2160 2000 2024 1987 1948 1996 1932 1920 1880 1921 2104 2012 1976 1884 1859 1902 1835 1880 1844 1792 2046 1987 1955 1880 1792 1888 1840 1848 1824 1792 2032 2012 1999 1889 1871 1892 1827 1864 1864 1854 2032 2055 2003 1848 2168 2588 2252 1899 1612 1414 1450 1536 1536 1486 1507 1584 1596 1669 1712 1740 1736 2096 2476 2272 1948 1752 1548 1548 1536 1320 1574 1867 1944 1944 1910 1936 1844 1836 1800 1816
1920 1880 1939 1920 2017 2160 2000 2024 1987 1948 1996 1932 1920 1880 1921 2104 2012 1976 1884 1859 1902 1835 1880 1844 1792 2046 1987 1955 1880 1792 1888 1840 1848 1824 1792 2032 2012 1999 1889 1871 1892 1827 1864 1864 1854 2032 2055 2003 1848 2168 2588 2252 1899 1612 1414 1450 1536 1536 1486 1507 1584 1596 1669 1712 1740 1736 2096 2476 2272 1948 1752 1548 1548 1536 1320 1574 1867 1944 1944 1910 1936 1844 1836 1800 1816 1880 1873 1968 1972 1907 1836 1908 1961 1907 1863 1904 1904 2043 1996 1952
2104 2012 1976 1884 1859 1902 1835 1880 1844 1792 2046 1987 1955 1880 1792 1888 1840 1848 1824 1792 2032 2012 1999 1889 1871 1892 1827 1864 1864 1854 2032 2055 2003 1848 2168 2588 2252 1899 1612 1414 1450 1536 1536 1486 1507 1584 1596 1669 1712 1740 1736 2096 2476 2272 1948 1752 1548 1548 1536 1320 1574 1867 1944 1944 1910 1936 1844 1836 1800 1816 1880 1873 1968 1972 1907 1836 1908 1961 1907 1863 1904 1904 2043 1996 1952 1929 1871 1898 1872 1856 1907 1856 2042 1988 1959 1963 1864 1891 1848 1823
1888 1840 1848 1824 1792 2032 2012 1999 1889 1871 1892 1827 1864 1864 1854 2032 2055 2003 1848 2168 2588 2252 1899 1612 1414 1450 1536 1536 1486 1507 1584 1596 1669 1712 1740 1736 2096 2476 2272 1948 1752 1548 1548 1536 1320 1574 1867 1944 1944 1910 1936 1844 1836 1800 1816 1880 1873 1968 1972 1907 1836 1908 1961 1907 1863 1904 1904 2043 1996 1952 1929 1871 1898 1872 1856 1907 1856 2042 1988 1959 1963 1864 1891 1848 1823 1902 1796 2035 2027 1984 1972 1883 1927 1871 1849 1884 1836 1964 1988 1952
2032 2055 2003 1848 2168 2588 2252 1899 1612 1414 1450 1536 1536 1486 1507 1584 1596 1669 1712 1740 1736 2096 2476 2272 1948 1752 1548 1548 1536 1320 1574 1867 1944 1944 1910 1936 1844 1836 1800 1816 1880 1873 1968 1972 1907 1836 1908 1961 1907 1863 1904 1904 2043 1996 1952 1929 1871 1898 1872 1856 1907 1856 2042 1988 1959 1963 1864 1891 1848 1823 1902 1796 2035 2027 1984 1972 1883 1927 1871 1849 1884 1836 1964 1988 1952 1920 1832 1843 1830 1828 1866 1793 1936 1977 1944 1921 1800 1800 1741 1744
1584 1596 1669 1712 1740 1736 2096 2476 2272 1948 1752 1548 1548 1536 1320 1574 1867 1944 1944 1910 1936 1844 1836 1800 1816 1880 1873 1968 1972 1907 1836 1908 1961 1907 1863 1904 1904 2043 1996 1952 1929 1871 1898 1872 1856 1907 1856 2042 1988 1959 1963 1864 1891 1848 1823 1902 1796 2035 2027 1984 1972 1883 1927 1871 1849 1884 1836 1964 1988 1952 1920 1832 1843 1830 1828 1866 1793 1936 1977 1944 1921 1800 1800 1741 1744 1792 1766 1816 1924 1920 1947 1863 1872 1855 1831 1891 1804 1820 2048 2044
1574 1867 1944 1944 1910 1936 1844 1836 1800 1816 1880 1873 1968 1972 1907 1836 1908 1961 1907 1863 1904 1904 2043 1996 1952 1929 1871 1898 1872 1856 1907 1856 2042 1988 1959 1963 1864 1891 1848 1823 1902 1796 2035 2027 1984 1972 1883 1927 1871 1849 1884 1836 1964 1988 1952 1920 1832 1843 1830 1828 1866 1793 1936 1977 1944 1921 1800 1800 1741 1744 1792 1766 1816 1924 1920 1947 1863 1872 1855 1831 1891 1804 1820 2048 2044 2033 1923 1920 1826 1836 1870 1827 1879 1948 1970 1968 1872 1888 1846 1588
1836 1908 1961 1907 1863 1904 1904 2043 1996 1952 1929 1871 1898 1872 1856 1907 1856 2042 1988 1959 1963 1864 1891 1848 1823 1902 1796 2035 2027 1984 1972 1883 1927 1871 1849 1884 1836 1964 1988 1952 1920 1832 1843 1830 1828 1866 1793 1936 1977 1944 1921 1800 1800 1741 1744 1792 1766 1816 1924 1920 1947 1863 1872 1855 1831 1891 1804 1820 2048 2044 2033 1923 1920 1826 1836 1870 1827 1879 1948 1970 1968 1872 1888 1846 1588 1857 1956 2027 2078 2113 2108 1984 1955 1836 1840 1871 1812 1854 1863 1991
1907 1856 2042 1988 1959 1963 1864 1891 1848 1823 1902 1796 2035 2027 1984 1972 1883 1927 1871 1849 1884 1836 1964 1988 1952 1920 1832 1843 1830 1828 1866 1793 1936 1977 1944 1921 1800 1800 1741 1744 1792 1766 1816 1924 1920 1947 1863 1872 1855 1831 1891 1804 1820 2048 2044 2033 1923 1920 1826 1836 1870 1827 1879 1948 1970 1968 1872 1888 1846 1588 1857 1956 2027 2078 2113 2108 1984 1955 1836 1840 1871 1812 1854 1863 1991 2016 1926 1868 1772 1832 1929 1859 1847 1760 1931 1985 1880 1846 1771 1748
1972 1883 1927 1871 1849 1884 1836 1964 1988 1952 1920 1832 1843 1830 1828 1866 1793 1936 1977 1944 1921 1800 1800 1741 1744 1792 1766 1816 1924 1920 1947 1863 1872 1855 1831 1891 1804 1820 2048 2044 2033 1923 1920 1826 1836 1870 1827 1879 1948 1970 1968 1872 1888 1846 1588 1857 1956 2027 2078 2113 2108 1984 1955 1836 1840 1871 1812 1854 1863 1991 2016 1926 1868 1772 1832 1929 1859 1847 1760 1931 1985 1880 1846 1771 1748 1764 1768 1821 1821 2000 2063 1944 1951 1902 1926 1932 1846 1876 1859 1944
1866 1793 1936 1977 1944 1921 1800 1800 1741 1744 1792 1766 1816 1924 1920 1947 1863 1872 1855 1831 1891 1804 1820 2048 2044 2033 1923 1920 1826 1836 1870 1827 1879 1948 1970 1968 1872 1888 1846 1588 1857 1956 2027 2078 2113 2108 1984 1955 1836 1840 1871 1812 1854 1863 1991 2016 1926 1868 1772 1832 1929 1859 1847 1760 1931 1985 1880 1846 1771 1748 1764 1768 1821 1821 2000 2063 1944 1951 1902 1926 1932 1846 1876 1859 1944 2024 1934 1888 1840 1836 1888 1868 1920 1877 1844 2040 1956 1939 1848 1823
1947 1863 1872 1855 1831 1891 1804 1820 2048 2044 2033 1923 1920 1826 1836 1870 1827 1879 1948 1970 1968 1872 1888 1846 1588 1857 1956 2027 2078 2113 2108 1984 1955 1836 1840 1871 1812 1854 1863 1991 2016 1926 1868 1772 1832 1929 1859 1847 1760 1931 1985 1880 1846 1771 1748 1764 1768 1821 1821 2000 2063 1944 1951 1902 1926 1932 1846 1876 1859 1944 2024 1934 1888 1840 1836 1888 1868 1920 1877 1844 2040 1956 1939 1848 1823 1837 1809 1836 1812 1768 1991 1968 1920 1872 1833 1841 1768 1842 1841 1833
1870 1827 1879 1948 1970 1968 1872 1888 1846 1588 1857 1956 2027 2078 2113 2108 1984 1955 1836 1840 1871 1812 1854 1863 1991 2016 1926 1868 1772 1832 1929 1859 1847 1760 1931 1985 1880 1846 1771 1748 1764 1768 1821 1821 2000 2063 1944 1951 1902 1926 1932 1846 1876 1859 1944 2024 1934 1888 1840 1836 1888 1868 1920 1877 1844 2040 1956 1939 1848 1823 1837 1809 1836 1812 1768 1991 1968 1920 1872 1833 1841 1768 1842 1841 1833 1957 1942 1920 1848 1816 1811 1800 1833 1816 1807 1908 1948 1944 1920 1864
2108 1984 1955 1836 1840 1871 1812 1854 1863 1991 2016 1926 1868 1772 1832 1929 1859 1847 1760 1931 1985 1880 1846 1771 1748 1764 1768 1821 1821 2000 2063 1944 1951 1902 1926 1932 1846 1876 1859 1944 2024 1934 1888 1840 1836 1888 1868 1920 1877 1844 2040 1956 1939 1848 1823 1837 1809 1836 1812 1768 1991 1968 1920 1872 1833 1841 1768 1842 1841 1833 1957 1942 1920 1848 1816 1811 1800 1833 1816 1807 1908 1948 1944 1920 1864 1889 1836 1865 1956 1959 1968 2108 2076 1958 1487 1990 2252 2055 1708 1443
1929 1859 1847 1760 1931 1985 1880 1846 1771 1748 1764 1768 1821 1821 2000 2063 1944 1951 1902 1926 1932 1846 1876 1859 1944 2024 1934 1888 1840 1836 1888 1868 1920 1877 1844 2040 1956 1939 1848 1823 1837 1809 1836 1812 1768 1991 1968 1920 1872 1833 1841 1768 1842 1841 1833 1957 1942 1920 1848 1816 1811 1800 1833 1816 1807 1908 1948 1944 1920 1864 1889 1836 1865 1956 1959 1968 2108 2076 1958 1487 1990 2252 2055 1708 1443 1340 1408 1443 1415 1428 1536 1510 1612 1644 1704 1817 1880 2048 1984 1932
2063 1944 1951 1902 1926 1932 1846 1876 1859 1944 2024 1934 1888 1840 1836 1888 1868 1920 1877 1844 2040 1956 1939 1848 1823 1837 1809 1836 1812 1768 1991 1968 1920 1872 1833 1841 1768 1842 1841 1833 1957 1942 1920 1848 1816 1811 1800 1833 1816 1807 1908 1948 1944 1920 1864 1889 1836 1865 1956 1959 1968 2108 2076 1958 1487 1990 2252 2055 1708 1443 1340 1408 1443 1415 1428 1536 1510 1612 1644 1704 1817 1880 2048 1984 1932 1971 1848 1892 1952 1952 1959 2017 2076 1988 1929 1924 1792 1863 1868 1876
1888 1868 1920 1877 1844 2040 1956 1939 1848 1823 1837 1809 1836 1812 1768 1991 1968 1920 1872 1833 1841 1768 1842 1841 1833 1957 1942 1920 1848 1816 1811 1800 1833 1816 1807 1908 1948 1944 1920 1864 1889 1836 1865 1956 1959 1968 2108 2076 1958 1487 1990 2252 2055 1708 1443 1340 1408 1443 1415 1428 1536 1510 1612 1644 1704 1817 1880 2048 1984 1932 1971 1848 1892 1952 1952 1959 2017 2076 1988 1929 1924 1792 1863 1868 1876 1943 1929 2096 2035 1966 1932 1870 1894 1868 1872 1952 1870 2076 2032 1956
1991 1968 1920 1872 1833 1841 1768 1842 1841 1833 1957 1942 1920 1848 1816 1811 1800 1833 1816 1807 1908 1948 1944 1920 1864 1889 1836 1865 1956 1959 1968 2108 2076 1958 1487 1990 2252 2055 1708 1443 1340 1408 1443 1415 1428 1536 1510 1612 1644 1704 1817 1880 2048 1984 1932 1971 1848 1892 1952 1952 1959 2017 2076 1988 1929 1924 1792 1863 1868 1876 1943 1929 2096 2035 1966 1932 1870 1894 1868 1872 1952 1870 2076 2032 1956 1976 1878 1904 1873 1841 1920 1816 2048 2035 1836 1891 1900 2008 1963 1955
1811 1800 1833 1816 1807 1908 1948 1944 1920 1864 1889 1836 1865 1956 1959 1968 2108 2076 1958 1487 1990 2252 2055 1708 1443 1340 1408 1443 1415 1428 1536 1510 1612 1644 1704 1817 1880 2048 1984 1932 1971 1848 1892 1952 1952 1959 2017 2076 1988 1929 1924 1792 1863 1868 1876 1943 1929 2096 2035 1966 1932 1870 1894 1868 1872 1952 1870 2076 2032 1956 1976 1878 1904 1873 1841 1920 1816 2048 2035 1836 1891 1900 2008 1963 1955 1978 1920 2032 2036 1950 1945 1852 1856 1828 1838 1872 1816 1891 1991 1950
1968 2108 2076 1958 1487 1990 2252 2055 1708 1443 1340 1408 1443 1415 1428 1536 1510 1612 1644 1704 1817 1880 2048 1984 1932 1971 1848 1892 1952 1952 1959 2017 2076 1988 1929 1924 1792 1863 1868 1876 1943 1929 2096 2035 1966 1932 1870 1894 1868 1872 1952 1870 2076 2032 1956 1976 1878 1904 1873 1841 1920 1816 2048 2035 1836 1891 1900 2008 1963 1955 1978 1920 2032 2036 1950 1945 1852 1856 1828 1838 1872 1816 1891 1991 1950 1924 1822 1817 1772 1768 1832 1811 1792 1980 2006 1998 1894 1948 1884 1849
1536 1510 1612 1644 1704 1817 1880 2048 1984 1932 1971 1848 1892 1952 1952 1959 2017 2076 1988 1929 1924 1792 1863 1868 1876 1943 1929 2096 2035 1966 1932 1870 1894 1868 1872 1952 1870 2076 2032 1956 1976 1878 1904 1873 1841 1920 1816 2048 2035 1836 1891 1900 2008 1963 1955 1978 1920 2032 2036 1950 1945 1852 1856 1828 1838 1872 1816 1891 1991 1950 1924 1822 1817 1772 1768 1832 1811 1792 1980 2006 1998 1894 1948 1884 1849 1891 1840 1799 1987 1703 1920 1940 1977 1920 1868 1888 1818 1830 1907 1936
1959 2017 2076 1988 1929 1924 1792 1863 1868 1876 1943 1929 2096 2035 1966 1932 1870 1894 1868 1872 1952 1870 2076 2032 1956 1976 1878 1904 1873 1841 1920 1816 2048 2035 1836 1891 1900 2008 1963 1955 1978 1920 2032 2036 1950 1945 1852 1856 1828 1838 1872 1816 1891 1991 1950 1924 1822 1817 1772 1768 1832 1811 1792 1980 2006 1998 1894 1948 1884 1849 1891 1840 1799 1987 1703 1920 1940 1977 1920 1868 1888 1818 1830 1907 1936 1927 1812 1820 1770 1753 1804 1792 1830 1848 1992 2104 1926 2016 1999 1955
1932 1870 1894 1868 1872 1952 1870 2076 2032 1956 1976 1878 1904 1873 1841 1920 1816 2048 2035 1836 1891 1900 2008 1963 1955 1978 1920 2032 2036 1950 1945 1852 1856 1828 1838 1872 1816 1891 1991 1950 1924 1822 1817 1772 1768 1832 1811 1792 1980 2006 1998 1894 1948 1884 1849 1891 1840 1799 1987 1703 1920 1940 1977 1920 1868 1888 1818 1830 1907 1936 1927 1812 1820 1770 1753 1804 1792 1830 1848 1992 2104 1926 2016 1999 1955 1926 1865 1903 1921 2012 2027 1883 1840 1792 1793 1820 1763 1836 1734 1961
1920 1816 2048 2035 1836 1891 1900 2008 1963 1955 1978 1920 2032 2036 1950 1945 1852 1856 1828 1838 1872 1816 1891 1991 1950 1924 1822 1817 1772 1768 1832 1811 1792 1980 2006 1998 1894 1948 1884 1849 1891 1840 1799 1987 1703 1920 1940 1977 1920 1868 1888 1818 1830 1907 1936 1927 1812 1820 1770 1753 1804 1792 1830 1848 1992 2104 1926 2016 1999 1955 1926 1865 1903 1921 2012 2027 1883 1840 1792 1793 1820 1763 1836 1734 1961 2024 1920 1852 1812 1795 1857 1823 1882 1841 1984 2055 1948 1908 1832 1807
1945 1852 1856 1828 1838 1872 1816 1891 1991 1950 1924 1822 1817 1772 1768 1832 1811 1792 1980 2006 1998 1894 1948 1884 1849 1891 1840 1799 1987 1703 1920 1940 1977 1920 1868 1888 1818 1830 1907 1936 1927 1812 1820 1770 1753 1804 1792 1830 1848 1992 2104 1926 2016 1999 1955 1926 1865 1903 1921 2012 2027 1883 1840 1792 1793 1820 1763 1836 1734 1961 2024 1920 1852 1812 1795 1857 1823 1882 1841 1984 2055 1948 1908 1832 1807 1824 1792 1792 1792 1824 2001 1962 1900 1808 1768 1800 1748 1808 1792 1792
1832 1811 1792 1980 2006 1998 1894 1948 1884 1849 1891 1840 1799 1987 1703 1920 1940 1977 1920 1868 1888 1818 1830 1907 1936 1927 1812 1820 1770 1753 1804 1792 1830 1848 1992 2104 1926 2016 1999 1955 1926 1865 1903 1921 2012 2027 1883 1840 1792 1793 1820 1763 1836 1734 1961 2024 1920 1852 1812 1795 1857 1823 1882 1841 1984 2055 1948 1908 1832 1807 1824 1792 1792 1792 1824 2001 1962 1900 1808 1768 1800 1748 1808 1792 1792 1964 2009 2471 2240 2252 2252 1792 1456 1181 1008 1216 1216 1260 1572 1827
1920 1940 1977 1920 1868 1888 1818 1830 1907 1936 1927 1812 1820 1770 1753 1804 1792 1830 1848 1992 2104 1926 2016 1999 1955 1926 1865 1903 1921 2012 2027 1883 1840 1792 1793 1820 1763 1836 1734 1961 2024 1920 1852 1812 1795 1857 1823 1882 1841 1984 2055 1948 1908 1832 1807 1824 1792 1792 1792 1824 2001 1962 1900 1808 1768 1800 1748 1808 1792 1792 1964 2009 2471 2240 2252 2252 1792 1456 1181 1008 1216 1216 1260 1572 1827 1807 1636 1560 1536 1536 1692 1742 1820 1792 1792 1816 1819 1926 1936 1676
1804 1792 1830 1848 1992 2104 1926 2016 1999 1955 1926 1865 1903 1921 2012 2027 1883 1840 1792 1793 1820 1763 1836 1734 1961 2024 1920 1852 1812 1795 1857 1823 1882 1841 1984 2055 1948 1908 1832 1807 1824 1792 1792 1792 1824 2001 1962 1900 1808 1768 1800 1748 1808 1792 1792 1964 2009 2471 2240 2252 2252 1792 1456 1181 1008 1216 1216 1260 1572 1827 1807 1636 1560 1536 1536 1692 1742 1820 1792 1792 1816 1819 1926 1936 1676 2040 2240 2272 2190 2144 2051 2096 2104 1995 1955 1932 2025 2019 1932 1920
2027 1883 1840 1792 1793 1820 1763 1836 1734 1961 2024 1920 1852 1812 1795 1857 1823 1882 1841 1984 2055 1948 1908 1832 1807 1824 1792 1792 1792 1824 2001 1962 1900 1808 1768 1800 1748 1808 1792 1792 1964 2009 2471 2240 2252 2252 1792 1456 1181 1008 1216 1216 1260 1572 1827 1807 1636 1560 1536 1536 1692 1742 1820 1792 1792 1816 1819 1926 1936 1676 2040 2240 2272 2190 2144 2051 2096 2104 1995 1955 1932 2025 2019 1932 1920 1888 1836 1864 1868 1859 1859 2000 2041 1944 1899 1910 1833 1878 1868 1880
1857 1823 1882 1841 1984 2055 1948 1908 1832 1807 1824 1792 1792 1792 1824 2001 1962 1900 1808 1768 1800 1748 1808 1792 1792 1964 2009 2471 2240 2252 2252 1792 1456 1181 1008 1216 1216 1260 1572 1827 1807 1636 1560 1536 1536 1692 1742 1820 1792 1792 1816 1819 1926 1936 1676 2040 2240 2272 2190 2144 2051 2096 2104 1995 1955 1932 2025 2019 1932 1920 1888 1836 1864 1868 1859 1859 2000 2041 1944 1899 1910 1833 1878 1868 1880 1896 1988 2048 1952 1920 1939 1849 1895 1870 1859 1924 1937 2036 1960 1904
2001 1962 1900 1808 1768 1800 1748 1808 1792 1792 1964 2009 2471 2240 2252 2252 1792 1456 1181 1008 1216 1216 1260 1572 1827 1807 1636 1560 1536 1536 1692 1742 1820 1792 1792 1816 1819 1926 1936 1676 2040 2240 2272 2190 2144 2051 2096 2104 1995 1955 1932 2025 2019 1932 1920 1888 1836 1864 1868 1859 1859 2000 2041 1944 1899 1910 1833 1878 1868 1880 1896 1988 2048 1952 1920 1939 1849 1895 1870 1859 1924 1937 2036 1960 1904 1921 1841 1859 1864 1894 1968 1955 2060 2051 1956 1953 1853 1880 1878 1939
2252 1792 1456 1181 1008 1216 1216 1260 1572 1827 1807 1636 1560 1536 1536 1692 1742 1820 1792 1792 1816 1819 1926 1936 1676 2040 2240 2272 2190 2144 2051 2096 2104 1995 1955 1932 2025 2019 1932 1920 1888 1836 1864 1868 1859 1859 2000 2041 1944 1899 1910 1833 1878 1868 1880 1896 1988 2048 1952 1920 1939 1849 1895 1870 1859 1924 1937 2036 1960 1904 1921 1841 1859 1864 1894 1968 1955 2060 2051 1956 1953 1853 1880 1878 1939 1976 1872 2096 2055 1968 1955 1896 1875 1830 1825 1832 1772 1968 1968 1936
1692 1742 1820 1792 1792 1816 1819 1926 1936 1676 2040 2240 2272 2190 2144 2051 2096 2104 1995 1955 1932 2025 2019 1932 1920 1888 1836 1864 1868 1859 1859 2000 2041 1944 1899 1910 1833 1878 1868 1880 1896 1988 2048 1952 1920 1939 1849 1895 1870 1859 1924 1937 2036 1960 1904 1921 1841 1859 1864 1894 1968 1955 2060 2051 1956 1953 1853 1880 1878 1939 1976 1872 2096 2055 1968 1955 1896 1875 1830 1825 1832 1772 1968 1968 1936 1929 1848 1880 1806 1830 1872 1820 1955 1984 1968 1947 1870 1895 1838 1840
2051 2096 2104 1995 1955 1932 2025 2019 1932 1920 1888 1836 1864 1868 1859 1859 2000 2041 1944 1899 1910 1833 1878 1868 1880 1896 1988 2048 1952 1920 1939 1849 1895 1870 1859 1924 1937 2036 1960 1904 1921 1841 1859 1864 1894 1968 1955 2060 2051 1956 1953 1853 1880 1878 1939 1976 1872 2096 2055 1968 1955 1896 1875 1830 1825 1832 1772 1968 1968 1936 1929 1848 1880 1806 1830 1872 1820 1955 1984 1968 1947 1870 1895 1838 1840 1889 1843 1920 1984 1961 1984 1958 1960 1900 1604 1893 1948 1995 2144 2096
1859 2000 2041 1944 1899 1910 1833 1878 1868 1880 1896 1988 2048 1952 1920 1939 1849 1895 1870 1859 1924 1937 2036 1960 1904 1921 1841 1859 1864 1894 1968 1955 2060 2051 1956 1953 1853 1880 1878 1939 1976 1872 2096 2055 1968 1955 1896 1875 1830 1825 1832 1772 1968 1968 1936 1929 1848 1880 1806 1830 1872 1820 1955 1984 1968 1947 1870 1895 1838 1840 1889 1843 1920 1984 1961 1984 1958 1960 1900 1604 1893 1948 1995 2144 2096 2055 1880 1944 1871 1863 1832 1768 1703 1856 1849 1852 1720 1735 1717 1712
1939 1849 1895 1870 1859 1924 1937 2036 1960 1904 1921 1841 1859 1864 1894 1968 1955 2060 2051 1956 1953 1853 1880 1878 1939 1976 1872 2096 2055 1968 1955 1896 1875 1830 1825 1832 1772 1968 1968 1936 1929 1848 1880 1806 1830 1872 1820 1955 1984 1968 1947 1870 1895 1838 1840 1889 1843 1920 1984 1961 1984 1958 1960 1900 1604 1893 1948 1995 2144 2096 2055 1880 1944 1871 1863 1832 1768 1703 1856 1849 1852 1720 1735 1717 1712 1760 1729 1792 1800 1900 1892 1813 1793 1792 1760 1792 1740 1768 1859 1968
1968 1955 2060 2051 1956 1953 1853 1880 1878 1939 1976 1872 2096 2055 1968 1955 1896 1875 1830 1825 1832 1772 1968 1968 1936 1929 1848 1880 1806 1830 1872 1820 1955 1984 1968 1947 1870 1895 1838 1840 1889 1843 1920 1984 1961 1984 1958 1960 1900 1604 1893 1948 1995 2144 2096 2055 1880 1944 1871 1863 1832 1768 1703 1856 1849 1852 1720 1735 1717 1712 1760 1729 1792 1800 1900 1892 1813 1793 1792 1760 1792 1740 1768 1859 1968 2016 1908 1859 1833 1804 1843 1792 1884 1852 2001 2049 1904 1923 1888 1823
1955 1896 1875 1830 1825 1832 1772 1968 1968 1936 1929 1848 1880 1806 1830 1872 1820 1955 1984 1968 1947 1870 1895 1838 1840 1889 1843 1920 1984 1961 1984 1958 1960 1900 1604 1893 1948 1995 2144 2096 2055 1880 1944 1871 1863 1832 1768 1703 1856 1849 1852 1720 1735 1717 1712 1760 1729 1792 1800 1900 1892 1813 1793 1792 1760 1792 1740 1768 1859 1968 2016 1908 1859 1833 1804 1843 1792 1884 1852 2001 2049 1904 1923 1888 1823 1852 1812 1842 1739 1939 2000 1976 1968 1899 1884 1884 1846 1876 1857 1948
1872 1820 1955 1984 1968 1947 1870 1895 1838 1840 1889 1843 1920 1984 1961 1984 1958 1960 1900 1604 1893 1948 1995 2144 2096 2055 1880 1944 1871 1863 1832 1768 1703 1856 1849 1852 1720 1735 1717 1712 1760 1729 1792 1800 1900 1892 1813 1793 1792 1760 1792 1740 1768 1859 1968 2016 1908 1859 1833 1804 1843 1792 1884 1852 2001 2049 1904 1923 1888 1823 1852 1812 1842 1739 1939 2000 1976 1968 1899 1884 1884 1846 1876 1857 1948 2039 1951 1936 1865 1880 1876 1833 1844 1868 1886 2048 2016 1952 1897 1860
1984 1958 1960 1900 1604 1893 1948 1995 2144 2096 2055 1880 1944 1871 1863 1832 1768 1703 1856 1849 1852 1720 1735 1717 1712 1760 1729 1792 1800 1900 1892 1813 1793 1792 1760 1792 1740 1768 1859 1968 2016 1908 1859 1833 1804 1843 1792 1884 1852 2001 2049 1904 1923 1888 1823 1852 1812 1842 1739 1939 2000 1976 1968 1899 1884 1884 1846 1876 1857 1948 2039 1951 1936 1865 1880 1876 1833 1844 1868 1886 2048 2016 1952 1897 1860 1792 2043 2076 1920 1760 2041 2003 1948 1831 1697 1639 1551 1585 1584 1598
1832 1768 1703 1856 1849 1852 1720 1735 1717 1712 1760 1729 1792 1800 1900 1892 1813 1793 1792 1760 1792 1740 1768 1859 1968 2016 1908 1859 1833 1804 1843 1792 1884 1852 2001 2049 1904 1923 1888 1823 1852 1812 1842 1739 1939 2000 1976 1968 1899 1884 1884 1846 1876 1857 1948 2039 1951 1936 1865 1880 1876 1833 1844 1868 1886 2048 2016 1952 1897 1860 1792 2043 2076 1920 1760 2041 2003 1948 1831 1697 1639 1551 1585 1584 1598 1904 1932 1985 1897 1536 1744 1792 1853 1838 1824 1900 1907 1924 1920 1875
1892 1813 1793 1792 1760 1792 1740 1768 1859 1968 2016 1908 1859 1833 1804 1843 1792 1884 1852 2001 2049 1904 1923 1888 1823 1852 1812 1842 1739 1939 2000 1976 1968 1899 1884 1884 1846 1876 1857 1948 2039 1951 1936 1865 1880 1876 1833 1844 1868 1886 2048 2016 1952 1897 1860 1792 2043 2076 1920 1760 2041 2003 1948 1831 1697 1639 1551 1585 1584 1598 1904 1932 1985 1897 1536 1744 1792 1853 1838 1824 1900 1907 1924 1920 1875 1880 1808 1832 1800 1816 1907 1976 1999 1906 1868 1901 1840 1888 1844 1852
1843 1792 1884 1852 2001 2049 1904 1923 1888 1823 1852 1812 1842 1739 1939 2000 1976 1968 1899 1884 1884 1846 1876 1857 1948 2039 1951 1936 1865 1880 1876 1833 1844 1868 1886 2048 2016 1952 1897 1860 1792 2043 2076 1920 1760 2041 2003 1948 1831 1697 1639 1551 1585 1584 1598 1904 1932 1985 1897 1536 1744 1792 1853 1838 1824 1900 1907 1924 1920 1875 1880 1808 1832 1800 1816 1907 1976 1999 1906 1868 1901 1840 1888 1844 1852 1940 2019 2062 1970 1900 1891 1864 1875 1862 1848 1816 1948 2022 1945 1888
2000 1976 1968 1899 1884 1884 1846 1876 1857 1948 2039 1951 1936 1865 1880 1876 1833 1844 1868 1886 2048 2016 1952 1897 1860 1792 2043 2076 1920 1760 2041 2003 1948 1831 1697 1639 1551 1585 1584 1598 1904 1932 1985 1897 1536 1744 1792 1853 1838 1824 1900 1907 1924 1920 1875 1880 1808 1832 1800 1816 1907 1976 1999 1906 1868 1901 1840 1888 1844 1852 1940 2019 2062 1970 1900 1891 1864 1875 1862 1848 1816 1948 2022 1945 1888 1900 1856 1856 1863 1884 1939 2003 2076 2025 1952 1934 1828 1875 1868 1853
1876 1833 1844 1868 1886 2048 2016 1952 1897 1860 1792 2043 2076 1920 1760 2041 2003 1948 1831 1697 1639 1551 1585 1584 1598 1904 1932 1985 1897 1536 1744 1792 1853 1838 1824 1900 1907 1924 1920 1875 1880 1808 1832 1800 1816 1907 1976 1999 1906 1868 1901 1840 1888 1844 1852 1940 2019 2062 1970 1900 1891 1864 1875 1862 1848 1816 1948 2022 1945 1888 1900 1856 1856 1863 1884 1939 2003 2076 2025 1952 1934 1828 1875 1868 1853 1911 1950 2028 1997 1945 1936 1861 1891 1868 1868 1904 1900 2032 1984 1932
2041 2003 1948 1831 1697 1639 1551 1585 1584 1598 1904 1932 1985 1897 1536 1744 1792 1853 1838 1824 1900 1907 1924 1920 1875 1880 1808 1832 1800 1816 1907 1976 1999 1906 1868 1901 1840 1888 1844 1852 1940 2019 2062 1970 1900 1891 1864 1875 1862 1848 1816 1948 2022 1945 1888 1900 1856 1856 1863 1884 1939 2003 2076 2025 1952 1934 1828 1875 1868 1853 1911 1950 2028 1997 1945 1936 1861 1891 1868 1868 1904 1900 2032 1984 1932 1952 1880 1891 1864 1873 1905 1823 2016 1996 1907 1892 1765 1804 1769 1792
1744 1792 1853 1838 1824 1900 1907 1924 1920 1875 1880 1808 1832 1800 1816 1907 1976 1999 1906 1868 1901 1840 1888 1844 1852 1940 2019 2062 1970 1900 1891 1864 1875 1862 1848 1816 1948 2022 1945 1888 1900 1856 1856 1863 1884 1939 2003 2076 2025 1952 1934 1828 1875 1868 1853 1911 1950 2028 1997 1945 1936 1861 1891 1868 1868 1904 1900 2032 1984 1932 1952 1880 1891 1864 1873 1905 1823 2016 1996 1907 1892 1765 1804 1769 1792 1855 1804 1984 2003 1976 1960 1876 1896 1844 1849 1865 1848 1976 2021 1700
1907 1976 1999 1906 1868 1901 1840 1888 1844 1852 1940 2019 2062 1970 1900 1891 1864 1875 1862 1848 1816 1948 2022 1945 1888 1900 1856 1856 1863 1884 1939 2003 2076 2025 1952 1934 1828 1875 1868 1853 1911 1950 2028 1997 1945 1936 1861 1891 1868 1868 1904 1900 2032 1984 1932 1952 1880 1891 1864 1873 1905 1823 2016 1996 1907 1892 1765 1804 1769 1792 1855 1804 1984 2003 1976 1960 1876 1896 1844 1849 1865 1848 1976 2021 1700 1935 1948 1978 1932 1873 1888 1846 1842 1964 1920 1938 1792 1871 1827 1809
1891 1864 1875 1862 1848 1816 1948 2022 1945 1888 1900 1856 1856 1863 1884 1939 2003 2076 2025 1952 1934 1828 1875 1868 1853 1911 1950 2028 1997 1945 1936 1861 1891 1868 1868 1904 1900 2032 1984 1932 1952 1880 1891 1864 1873 1905 1823 2016 1996 1907 1892 1765 1804 1769 1792 1855 1804 1984 2003 1976 1960 1876 1896 1844 1849 1865 1848 1976 2021 1700 1935 1948 1978 1932 1873 1888 1846 1842 1964 1920 1938 1792 1871 1827 1809 1792 1792 1760 1920 1891 1870 1764 1750 1712 1735 1796 1763 1772 1904 1923
1939 2003 2076 2025 1952 1934 1828 1875 1868 1853 1911 1950 2028 1997 1945 1936 1861 1891 1868 1868 1904 1900 2032 1984 1932 1952 1880 1891 1864 1873 1905 1823 2016 1996 1907 1892 1765 1804 1769 1792 1855 1804 1984 2003 1976 1960 1876 1896 1844 1849 1865 1848 1976 2021 1700 1935 1948 1978 1932 1873 1888 1846 1842 1964 1920 1938 1792 1871 1827 1809 1792 1792 1760 1920 1891 1870 1764 1750 1712 1735 1796 1763 1772 1904 1923 1921 1828 1836 1764 1753 1808 1792 1828 1860 1968 1992 1852 1818 1830 1840
1936 1861 1891 1868 1868 1904 1900 2032 1984 1932 1952 1880 1891 1864 1873 1905 1823 2016 1996 1907 1892 1765 1804 1769 1792 1855 1804 1984 2003 1976 1960 1876 1896 1844 1849 1865 1848 1976 2021 1700 1935 1948 1978 1932 1873 1888 1846 1842 1964 1920 1938 1792 1871 1827 1809 1792 1792 1760 1920 1891 1870 1764 1750 1712 1735 1796 1763 1772 1904 1923 1921 1828 1836 1764 1753 1808 1792 1828 1860 1968 1992 1852 1818 1830 1840 1898 1842 1900 1928 2035 2051 1937 1934 1878 1881 1896 1847 1891 1836 1991
1905 1823 2016 1996 1907 1892 1765 1804 1769 1792 1855 1804 1984 2003 1976 1960 1876 1896 1844 1849 1865 1848 1976 2021 1700 1935 1948 1978 1932 1873 1888 1846 1842 1964 1920 1938 1792 1871 1827 1809 1792 1792 1760 1920 1891 1870 1764 1750 1712 1735 1796 1763 1772 1904 1923 1921 1828 1836 1764 1753 1808 1792 1828 1860 1968 1992 1852 1818 1830 1840 1898 1842 1900 1928 2035 2051 1937 1934 1878 1881 1896 1847 1891 1836 1991 2033 1920 1884 1856 1809 1853 1822 1871 1778 1948 1990 2252 2355 2447 2352
1960 1876 1896 1844 1849 1865 1848 1976 2021 1700 1935 1948 1978 1932 1873 1888 1846 1842 1964 1920 1938 1792 1871 1827 1809 1792 1792 1760 1920 1891 1870 1764 1750 1712 1735 1796 1763 1772 1904 1923 1921 1828 1836 1764 1753 1808 1792 1828 1860 1968 1992 1852 1818 1830 1840 1898 1842 1900 1928 2035 2051 1937 1934 1878 1881 1896 1847 1891 1836 1991 2033 1920 1884 1856 1809 1853 1822 1871 1778 1948 1990 2252 2355 2447 2352 1923 1428 1139 1420 1632 1571 1289 1158 1080 1120 1236 1324 1451 1536 1659
1888 1846 1842 1964 1920 1938 1792 1871 1827 1809 1792 1792 1760 1920 1891 1870 1764 1750 1712 1735 1796 1763 1772 1904 1923 1921 1828 1836 1764 1753 1808 1792 1828 1860 1968 1992 1852 1818 1830 1840 1898 1842 1900 1928 2035 2051 1937 1934 1878 1881 1896 1847 1891 1836 1991 2033 1920 1884 1856 1809 1853 1822 1871 1778 1948 1990 2252 2355 2447 2352 1923 1428 1139 1420 1632 1571 1289 1158 1080 1120 1236 1324 1451 1536 1659 2208 2353 2240 1959 1756 1679 1608 1667 1698 1484 1934 2108 2168 2104 2076
1870 1764 1750 1712 1735 1796 1763 1772 1904 1923 1921 1828 1836 1764 1753 1808 1792 1828 1860 1968 1992 1852 1818 1830 1840 1898 1842 1900 1928 2035 2051 1937 1934 1878 1881 1896 1847 1891 1836 1991 2033 1920 1884 1856 1809 1853 1822 1871 1778 1948 1990 2252 2355 2447 2352 1923 1428 1139 1420 1632 1571 1289 1158 1080 1120 1236 1324 1451 1536 1659 2208 2353 2240 1959 1756 1679 1608 1667 1698 1484 1934 2108 2168 2104 2076 2048 2019 2028 1984 1907 2108 2104 2078 1929 1984 2035 1964 1988 1954 1968
1808 1792 1828 1860 1968 1992 1852 1818 1830 1840 1898 1842 1900 1928 2035 2051 1937 1934 1878 1881 1896 1847 1891 1836 1991 2033 1920 1884 1856 1809 1853 1822 1871 1778 1948 1990 2252 2355 2447 2352 1923 1428 1139 1420 1632 1571 1289 1158 1080 1120 1236 1324 1451 1536 1659 2208 2353 2240 1959 1756 1679 1608 1667 1698 1484 1934 2108 2168 2104 2076 2048 2019 2028 1984 1907 2108 2104 2078 1929 1984 2035 1964 1988 1954 1968 2076 2063 2044 1945 1884 1920 1824 1880 1845 1844 1944 1968 1952 1923 1872
2051 1937 1934 1878 1881 1896 1847 1891 1836 1991 2033 1920 1884 1856 1809 1853 1822 1871 1778 1948 1990 2252 2355 2447 2352 1923 1428 1139 1420 1632 1571 1289 1158 1080 1120 1236 1324 1451 1536 1659 2208 2353 2240 1959 1756 1679 1608 1667 1698 1484 1934 2108 2168 2104 2076 2048 2019 2028 1984 1907 2108 2104 2078 1929 1984 2035 1964 1988 1954 1968 2076 2063 2044 1945 1884 1920 1824 1880 1845 1844 1944 1968 1952 1923 1872 1885 1822 1836 1792 1848 1860 1936 1987 1920 1896 1984 1956 1944 1865 1843
1853 1822 1871 1778 1948 1990 2252 2355 2447 2352 1923 1428 1139 1420 1632 1571 1289 1158 1080 1120 1236 1324 1451 1536 1659 2208 2353 2240 1959 1756 1679 1608 1667 1698 1484 1934 2108 2168 2104 2076 2048 2019 2028 1984 1907 2108 2104 2078 1929 1984 2035 1964 1988 1954 1968 2076 2063 2044 1945 1884 1920 1824 1880 1845 1844 1944 1968 1952 1923 1872 1885 1822 1836 1792 1848 1860 1936 1987 1920 1896 1984 1956 1944 1865 1843 1696 1895 1932 1863 1812 1840 1803 1936 1968 1984 2028 1979 1984 1835 1728
1571 1289 1158 1080 1120 1236 1324 1451 1536 1659 2208 2353 2240 1959 1756 1679 1608 1667 1698 1484 1934 2108 2168 2104 2076 2048 2019 2028 1984 1907 2108 2104 2078 1929 1984 2035 1964 1988 1954 1968 2076 2063 2044 1945 1884 1920 1824 1880 1845 1844 1944 1968 1952 1923 1872 1885 1822 1836 1792 1848 1860 1936 1987 1920 1896 1984 1956 1944 1865 1843 1696 1895 1932 1863 1812 1840 1803 1936 1968 1984 2028 1979 1984 1835 1728 1688 1688 1762 1792 1816 1852 1864 2076 2030 1985 1974 1908 1926 1920 1904
1679 1608 1667 1698 1484 1934 2108 2168 2104 2076 2048 2019 2028 1984 1907 2108 2104 2078 1929 1984 2035 1964 1988 1954 1968 2076 2063 2044 1945 1884 1920 1824 1880 1845 1844 1944 1968 1952 1923 1872 1885 1822 1836 1792 1848 1860 1936 1987 1920 1896 1984 1956 1944 1865 1843 1696 1895 1932 1863 1812 1840 1803 1936 1968 1984 2028 1979 1984 1835 1728 1688 1688 1762 1792 1816 1852 1864 2076 2030 1985 1974 1908 1926 1920 1904 1904 1904 2096 2051 1998 1991 1861 1920 1898 1876 1905 1811 2040 2025 1959
2108 2104 2078 1929 1984 2035 1964 1988 1954 1968 2076 2063 2044 1945 1884 1920 1824 1880 1845 1844 1944 1968 1952 1923 1872 1885 1822 1836 1792 1848 1860 1936 1987 1920 1896 1984 1956 1944 1865 1843 1696 1895 1932 1863 1812 1840 1803 1936 1968 1984 2028 1979 1984 1835 1728 1688 1688 1762 1792 1816 1852 1864 2076 2030 1985 1974 1908 1926 1920 1904 1904 1904 2096 2051 1998 1991 1861 1920 1898 1876 1905 1811 2040 2025 1959 1936 1869 1880 1856 1576 1874 1944 2144 2144 2022 1992 1859 1859 1846 1795
1920 1824 1880 1845 1844 1944 1968 1952 1923 1872 1885 1822 1836 1792 1848 1860 1936 1987 1920 1896 1984 1956 1944 1865 1843 1696 1895 1932 1863 1812 1840 1803 1936 1968 1984 2028 1979 1984 1835 1728 1688 1688 1762 1792 1816 1852 1864 2076 2030 1985 1974 1908 1926 1920 1904 1904 1904 2096 2051 1998 1991 1861 1920 1898 1876 1905 1811 2040 2025 1959 1936 1869 1880 1856 1576 1874 1944 2144 2144 2022 1992 1859 1859 1846 1795 1854 1817 1904 1991 1952 1892 1876 1928 1895 1874 1876 1811 1843 1964 1920
1860 1936 1987 1920 1896 1984 1956 1944 1865 1843 1696 1895 1932 1863 1812 1840 1803 1936 1968 1984 2028 1979 1984 1835 1728 1688 1688 1762 1792 1816 1852 1864 2076 2030 1985 1974 1908 1926 1920 1904 1904 1904 2096 2051 1998 1991 1861 1920 1898 1876 1905 1811 2040 2025 1959 1936 1869 1880 1856 1576 1874 1944 2144 2144 2022 1992 1859 1859 1846 1795 1854 1817 1904 1991 1952 1892 1876 1928 1895 1874 1876 1811 1843 1964 1920 1881 1764 1804 1808 1792 1831 1820 1816 1984 1960 1965 1904 1856 1830 1824
1840 1803 1936 1968 1984 2028 1979 1984 1835 1728 1688 1688 1762 1792 1816 1852 1864 2076 2030 1985 1974 1908 1926 1920 1904 1904 1904 2096 2051 1998 1991 1861 1920 1898 1876 1905 1811 2040 2025 1959 1936 1869 1880 1856 1576 1874 1944 2144 2144 2022 1992 1859 1859 1846 1795 1854 1817 1904 1991 1952 1892 1876 1928 1895 1874 1876 1811 1843 1964 1920 1881 1764 1804 1808 1792 1831 1820 1816 1984 1960 1965 1904 1856 1830 1824 1828 1840 1860 1980 1980 1968 1873 1885 1849 1824 1876 1792 1854 1888 1944
1852 1864 2076 2030 1985 1974 1908 1926 1920 1904 1904 1904 2096 2051 1998 1991 1861 1920 1898 1876 1905 1811 2040 2025 1959 1936 1869 1880 1856 1576 1874 1944 2144 2144 2022 1992 1859 1859 1846 1795 1854 1817 1904 1991 1952 1892 1876 1928 1895 1874 1876 1811 1843 1964 1920 1881 1764 1804 1808 1792 1831 1820 1816 1984 1960 1965 1904 1856 1830 1824 1828 1840 1860 1980 1980 1968 1873 1885 1849 1824 1876 1792 1854 1888 1944 1902 1811 1816 1795 1804 1860 1792 1840 1840 1948 1968 1872 1864 1807 1792
1991 1861 1920 1898 1876 1905 1811 2040 2025 1959 1936 1869 1880 1856 1576 1874 1944 2144 2144 2022 1992 1859 1859 1846 1795 1854 1817 1904 1991 1952 1892 1876 1928 1895 1874 1876 1811 1843 1964 1920 1881 1764 1804 1808 1792 1831 1820 1816 1984 1960 1965 1904 1856 1830 1824 1828 1840 1860 1980 1980 1968 1873 1885 1849 1824 1876 1792 1854 1888 1944 1902 1811 1816 1795 1804 1860 1792 1840 1840 1948 1968 1872 1864 1807 1792 1830 1795 1854 1795 1955 1984 1898 1876 1829 1799 1819 1808 1827 1834 2000
1874 1944 2144 2144 2022 1992 1859 1859 1846 1795 1854 1817 1904 1991 1952 1892 1876 1928 1895 1874 1876 1811 1843 1964 1920 1881 1764 1804 1808 1792 1831 1820 1816 1984 1960 1965 1904 1856 1830 1824 1828 1840 1860 1980 1980 1968 1873 1885 1849 1824 1876 1792 1854 1888 1944 1902 1811 1816 1795 1804 1860 1792 1840 1840 1948 1968 1872 1864 1807 1792 1830 1795 1854 1795 1955 1984 1898 1876 1829 1799 1819 1808 1827 1834 2000 2160 2076 2008 2008 1880 1837 1731 1712 1688 1728 1984 1907 2004 1894 1473
1892 1876 1928 1895 1874 1876 1811 1843 1964 1920 1881 1764 1804 1808 1792 1831 1820 1816 1984 1960 1965 1904 1856 1830 1824 1828 1840 1860 1980 1980 1968 1873 1885 1849 1824 1876 1792 1854 1888 1944 1902 1811 1816 1795 1804 1860 1792 1840 1840 1948 1968 1872 1864 1807 1792 1830 1795 1854 1795 1955 1984 1898 1876 1829 1799 1819 1808 1827 1834 2000 2160 2076 2008 2008 1880 1837 1731 1712 1688 1728 1984 1907 2004 1894 1473 1712 1760 1824 1808 1811 1962 1895 1871 1814 1792 1808 1792 1841 1852 1769
1831 1820 1816 1984 1960 1965 1904 1856 1830 1824 1828 1840 1860 1980 1980 1968 1873 1885 1849 1824 1876 1792 1854 1888 1944 1902 1811 1816 1795 1804 1860 1792 1840 1840 1948 1968 1872 1864 1807 1792 1830 1795 1854 1795 1955 1984 1898 1876 1829 1799 1819 1808 1827 1834 2000 2160 2076 2008 2008 1880 1837 1731 1712 1688 1728 1984 1907 2004 1894 1473 1712 1760 1824 1808 1811 1962 1895 1871 1814 1792 1808 1792 1841 1852 1769 2008 1992 1892 1907 1929 1971 1883 1920 1888 1767 2111 2076 2011 2096 2288
1968 1873 1885 1849 1824 1876 1792 1854 1888 1944 1902 1811 1816 1795 1804 1860 1792 1840 1840 1948 1968 1872 1864 1807 1792 1830 1795 1854 1795 1955 1984 1898 1876 1829 1799 1819 1808 1827 1834 2000 2160 2076 2008 2008 1880 1837 1731 1712 1688 1728 1984 1907 2004 1894 1473 1712 1760 1824 1808 1811 1962 1895 1871 1814 1792 1808 1792 1841 1852 1769 2008 1992 1892 1907 1929 1971 1883 1920 1888 1767 2111 2076 2011 2096 2288 2160 1820 1640 1500 1436 1548 1636 1686 1648 1656 1721 1739 1807 1836 1862
1860 1792 1840 1840 1948 1968 1872 1864 1807 1792 1830 1795 1854 1795 1955 1984 1898 1876 1829 1799 1819 1808 1827 1834 2000 2160 2076 2008 2008 1880 1837 1731 1712 1688 1728 1984 1907 2004 1894 1473 1712 1760 1824 1808 1811 1962 1895 1871 1814 1792 1808 1792 1841 1852 1769 2008 1992 1892 1907 1929 1971 1883 1920 1888 1767 2111 2076 2011 2096 2288 2160 1820 1640 1500 1436 1548 1636 1686 1648 1656 1721 1739 1807 1836 1862 1964 2023 2011 1920 1920 1932 1868 1878 1920 1907 1972 2062 2063 1968 1920
1984 1898 1876 1829 1799 1819 1808 1827 1834 2000 2160 2076 2008 2008 1880 1837 1731 1712 1688 1728 1984 1907 2004 1894 1473 1712 1760 1824 1808 1811 1962 1895 1871 1814 1792 1808 1792 1841 1852 1769 2008 1992 1892 1907 1929 1971 1883 1920 1888 1767 2111 2076 2011 2096 2288 2160 1820 1640 1500 1436 1548 1636 1686 1648 1656 1721 1739 1807 1836 1862 1964 2023 2011 1920 1920 1932 1868 1878 1920 1907 1972 2062 2063 1968 1920 1927 1872 1911 1903 1888 1859 1881 1830 2012 2063 2104 2016 1948 1901 1884
1837 1731 1712 1688 1728 1984 1907 2004 1894 1473 1712 1760 1824 1808 1811 1962 1895 1871 1814 1792 1808 1792 1841 1852 1769 2008 1992 1892 1907 1929 1971 1883 1920 1888 1767 2111 2076 2011 2096 2288 2160 1820 1640 1500 1436 1548 1636 1686 1648 1656 1721 1739 1807 1836 1862 1964 2023 2011 1920 1920 1932 1868 1878 1920 1907 1972 2062 2063 1968 1920 1927 1872 1911 1903 1888 1859 1881 1830 2012 2063 2104 2016 1948 1901 1884 1911 1920 2000 1920 1826 1824 1763 1792 1792 1760 1836 1875 2004 1966 1844
1962 1895 1871 1814 1792 1808 1792 1841 1852 1769 2008 1992 1892 1907 1929 1971 1883 1920 1888 1767 2111 2076 2011 2096 2288 2160 1820 1640 1500 1436 1548 1636 1686 1648 1656 1721 1739 1807 1836 1862 1964 2023 2011 1920 1920 1932 1868 1878 1920 1907 1972 2062 2063 1968 1920 1927 1872 1911 1903 1888 1859 1881 1830 2012 2063 2104 2016 1948 1901 1884 1911 1920 2000 1920 1826 1824 1763 1792 1792 1760 1836 1875 2004 1966 1844 2328 2335 2160 1871 1652 1606 1536 1700 1697 1422 1722 1816 1920 1920 1920
1971 1883 1920 1888 1767 2111 2076 2011 2096 2288 2160 1820 1640 1500 1436 1548 1636 1686 1648 1656 1721 1739 1807 1836 1862 1964 2023 2011 1920 1920 1932 1868 1878 1920 1907 1972 2062 2063 1968 1920 1927 1872 1911 1903 1888 1859 1881 1830 2012 2063 2104 2016 1948 1901 1884 1911 1920 2000 1920 1826 1824 1763 1792 1792 1760 1836 1875 2004 1966 1844 2328 2335 2160 1871 1652 1606 1536 1700 1697 1422 1722 1816 1920 1920 1920 1972 1824 2044 2032 1984 1968 1908 1924 1885 1832 1940 1920 2019 2062 2000
1548 1636 1686 1648 1656 1721 1739 1807 1836 1862 1964 2023 2011 1920 1920 1932 1868 1878 1920 1907 1972 2062 2063 1968 1920 1927 1872 1911 1903 1888 1859 1881 1830 2012 2063 2104 2016 1948 1901 1884 1911 1920 2000 1920 1826 1824 1763 1792 1792 1760 1836 1875 2004 1966 1844 2328 2335 2160 1871 1652 1606 1536 1700 1697 1422 1722 1816 1920 1920 1920 1972 1824 2044 2032 1984 1968 1908 1924 1885 1832 1940 1920 2019 2062 2000 2004 1920 1979 1958 1910 1909 1897 1951 2000 1929 1907 1846 1870 1868 1836
1932 1868 1878 1920 1907 1972 2062 2063 1968 1920 1927 1872 1911 1903 1888 1859 1881 1830 2012 2063 2104 2016 1948 1901 1884 1911 1920 2000 1920 1826 1824 1763 1792 1792 1760 1836 1875 2004 1966 1844 2328 2335 2160 1871 1652 1606 1536 1700 1697 1422 1722 1816 1920 1920 1920 1972 1824 2044 2032 1984 1968 1908 1924 1885 1832 1940 1920 2019 2062 2000 2004 1920 1979 1958 1910 1909 1897 1951 2000 1929 1907 1846 1870 1868 1836 1920 1888 1940 1998 1972 1920 1864 1877 1852 1816 1891 1836 1792 1950 1924
1859 1881 1830 2012 2063 2104 2016 1948 1901 1884 1911 1920 2000 1920 1826 1824 1763 1792 1792 1760 1836 1875 2004 1966 1844 2328 2335 2160 1871 1652 1606 1536 1700 1697 1422 1722 1816 1920 1920 1920 1972 1824 2044 2032 1984 1968 1908 1924 1885 1832 1940 1920 2019 2062 2000 2004 1920 1979 1958 1910 1909 1897 1951 2000 1929 1907 1846 1870 1868 1836 1920 1888 1940 1998 1972 1920 1864 1877 1852 1816 1891 1836 1792 1950 1924 1948 1840 1814 1768 1757 1816 1792 1844 1944 1961 1973 1868 1855 1792 1760
1824 1763 1792 1792 1760 1836 1875 2004 1966 1844 2328 2335 2160 1871 1652 1606 1536 1700 1697 1422 1722 1816 1920 1920 1920 1972 1824 2044 2032 1984 1968 1908 1924 1885 1832 1940 1920 2019 2062 2000 2004 1920 1979 1958 1910 1909 1897 1951 2000 1929 1907 1846 1870 1868 1836 1920 1888 1940 1998 1972 1920 1864 1877 1852 1816 1891 1836 1792 1950 1924 1948 1840 1814 1768 1757 1816 1792 1844 1944 1961 1973 1868 1855 1792 1760 1820 1811 1855 1896 1968 1987 1896 1860 1840 1792 1972 2432 2316 2003 1804
1606 1536 1700 1697 1422 1722 1816 1920 1920 1920 1972 1824 2044 2032 1984 1968 1908 1924 1885 1832 1940 1920 2019 2062 2000 2004 1920 1979 1958 1910 1909 1897 1951 2000 1929 1907 1846 1870 1868 1836 1920 1888 1940 1998 1972 1920 1864 1877 1852 1816 1891 1836 1792 1950 1924 1948 1840 1814 1768 1757 1816 1792 1844 1944 1961 1973 1868 1855 1792 1760 1820 1811 1855 1896 1968 1987 1896 1860 1840 1792 1972 2432 2316 2003 1804 2144 2016 1688 1365 1196 1187 1097 1363 1363 1548 2062 1996 1865 1632 1835
1968 1908 1924 1885 1832 1940 1920 2019 2062 2000 2004 1920 1979 1958 1910 1909 1897 1951 2000 1929 1907 1846 1870 1868 1836 1920 1888 1940 1998 1972 1920 1864 1877 1852 1816 1891 1836 1792 1950 1924 1948 1840 1814 1768 1757 1816 1792 1844 1944 1961 1973 1868 1855 1792 1760 1820 1811 1855 1896 1968 1987 1896 1860 1840 1792 1972 2432 2316 2003 1804 2144 2016 1688 1365 1196 1187 1097 1363 1363 1548 2062 1996 1865 1632 1835 1951 1744 1638 1549 1272 1564 1875 2310 2204 1920 1748 1590 1540 1584 1632
1909 1897 1951 2000 1929 1907 1846 1870 1868 1836 1920 1888 1940 1998 1972 1920 1864 1877 1852 1816 1891 1836 1792 1950 1924 1948 1840 1814 1768 1757 1816 1792 1844 1944 1961 1973 1868 1855 1792 1760 1820 1811 1855 1896 1968 1987 1896 1860 1840 1792 1972 2432 2316 2003 1804 2144 2016 1688 1365 1196 1187 1097 1363 1363 1548 2062 1996 1865 1632 1835 1951 1744 1638 1549 1272 1564 1875 2310 2204 1920 1748 1590 1540 1584 1632 1807 1798 1857 1907 1920 1999 1968 2016 2012 1988 2168 2144 2144 2063 1990
1920 1864 1877 1852 1816 1891 1836 1792 1950 1924 1948 1840 1814 1768 1757 1816 1792 1844 1944 1961 1973 1868 1855 1792 1760 1820 1811 1855 1896 1968 1987 1896 1860 1840 1792 1972 2432 2316 2003 1804 2144 2016 1688 1365 1196 1187 1097 1363 1363 1548 2062 1996 1865 1632 1835 1951 1744 1638 1549 1272 1564 1875 2310 2204 1920 1748 1590 1540 1584 1632 1807 1798 1857 1907 1920 1999 1968 2016 2012 1988 2168 2144 2144 2063 1990 2076 1992 2016 1972 1872 2104 2062 2063 1968 1920 1947 1880 1923 1944 1865
1816 1792 1844 1944 1961 1973 1868 1855 1792 1760 1820 1811 1855 1896 1968 1987 1896 1860 1840 1792 1972 2432 2316 2003 1804 2144 2016 1688 1365 1196 1187 1097 1363 1363 1548 2062 1996 1865 1632 1835 1951 1744 1638 1549 1272 1564 1875 2310 2204 1920 1748 1590 1540 1584 1632 1807 1798 1857 1907 1920 1999 1968 2016 2012 1988 2168 2144 2144 2063 1990 2076 1992 2016 1972 1872 2104 2062 2063 1968 1920 1947 1880 1923 1944 1865 2076 2062 2028 1974 1920 1948 1820 2336 2513 2240 2035 1812 1672 1588 1536
1987 1896 1860 1840 1792 1972 2432 2316 2003 1804 2144 2016 1688 1365 1196 1187 1097 1363 1363 1548 2062 1996 1865 1632 1835 1951 1744 1638 1549 1272 1564 1875 2310 2204 1920 1748 1590 1540 1584 1632 1807 1798 1857 1907 1920 1999 1968 2016 2012 1988 2168 2144 2144 2063 1990 2076 1992 2016 1972 1872 2104 2062 2063 1968 1920 1947 1880 1923 1944 1865 2076 2062 2028 1974 1920 1948 1820 2336 2513 2240 2035 1812 1672 1588 1536 1555 1540 1628 1670 1715 1792 1920 1984 1945 1936 1968 1928 1935 1948 1896
1187 1097 1363 1363 1548 2062 1996 1865 1632 1835 1951 1744 1638 1549 1272 1564 1875 2310 2204 1920 1748 1590 1540 1584 1632 1807 1798 1857 1907 1920 1999 1968 2016 2012 1988 2168 2144 2144 2063 1990 2076 1992 2016 1972 1872 2104 2062 2063 1968 1920 1947 1880 1923 1944 1865 2076 2062 2028 1974 1920 1948 1820 2336 2513 2240 2035 1812 1672 1588 1536 1555 1540 1628 1670 1715 1792 1920 1984 1945 1936 1968 1928 1935 1948 1896 1920 2051 2104 2016 1968 1964 1892 1900 1921 1920 1932 2076 2104 2062 2020
1564 1875 2310 2204 1920 1748 1590 1540 1584 1632 1807 1798 1857 1907 1920 1999 1968 2016 2012 1988 2168 2144 2144 2063 1990 2076 1992 2016 1972 1872 2104 2062 2063 1968 1920 1947 1880 1923 1944 1865 2076 2062 2028 1974 1920 1948 1820 2336 2513 2240 2035 1812 1672 1588 1536 1555 1540 1628 1670 1715 1792 1920 1984 1945 1936 1968 1928 1935 1948 1896 1920 2051 2104 2016 1968 1964 1892 1900 1921 1920 1932 2076 2104 2062 2020 2032 1998 2076 2062 2040 2096 2076 2160 2111 1996 2012 1920 1948 1929 1650
1999 1968 2016 2012 1988 2168 2144 2144 2063 1990 2076 1992 2016 1972 1872 2104 2062 2063 1968 1920 1947 1880 1923 1944 1865 2076 2062 2028 1974 1920 1948 1820 2336 2513 2240 2035 1812 1672 1588 1536 1555 1540 1628 1670 1715 1792 1920 1984 1945 1936 1968 1928 1935 1948 1896 1920 2051 2104 2016 1968 1964 1892 1900 1921 1920 1932 2076 2104 2062 2020 2032 1998 2076 2062 2040 2096 2076 2160 2111 1996 2012 1920 1948 1929 1650 1900 1985 2168 2160 2028 2008 1892 1900 1958 1924 1950 1809 1996 1959 1888
2104 2062 2063 1968 1920 1947 1880 1923 1944 1865 2076 2062 2028 1974 1920 1948 1820 2336 2513 2240 2035 1812 1672 1588 1536 1555 1540 1628 1670 1715 1792 1920 1984 1945 1936 1968 1928 1935 1948 1896 1920 2051 2104 2016 1968 1964 1892 1900 1921 1920 1932 2076 2104 2062 2020 2032 1998 2076 2062 2040 2096 2076 2160 2111 1996 2012 1920 1948 1929 1650 1900 1985 2168 2160 2028 2008 1892 1900 1958 1924 1950 1809 1996 1959 1888 1870 1792 1792 1760 1763 1840 1747 1970 1976 1881 1868 1833 1840 1807 1744
1948 1820 2336 2513 2240 2035 1812 1672 1588 1536 1555 1540 1628 1670 1715 1792 1920 1984 1945 1936 1968 1928 1935 1948 1896 1920 2051 2104 2016 1968 1964 1892 1900 1921 1920 1932 2076 2104 2062 2020 2032 1998 2076 2062 2040 2096 2076 2160 2111 1996 2012 1920 1948 1929 1650 1900 1985 2168 2160 2028 2008 1892 1900 1958 1924 1950 1809 1996 1959 1888 1870 1792 1792 1760 1763 1840 1747 1970 1976 1881 1868 1833 1840 1807 1744 1854 1840 1964 1978 1920 1892 1816 1816 1798 1763 1812 1792 1838 1955 1920
